"S","MuR","SigmaR","MuD","SigmaD","MuA","SigmaA","Rho","MuB","SigmaB","AbdCutoff","GrCutoff","EndTime","IniMin","IniMax","Equilibrium","Uninvasible","NumCoexist","MeanAbd","VarAbd"
50,1,0,1,0,0,0,0,-4,0,1e-14,0.001,1e+07,0,1,TRUE,TRUE,50,0.390388203202208,2.7670503690788e-33
50,1,0,1,0,0,0,0,-3.66666666666667,0,1e-14,0.001,1e+07,0,1,TRUE,TRUE,50,0.403379185774451,1.57218770970387e-33
50,1,0,1,0,0,0,0,-3.33333333333333,0,1e-14,0.001,1e+07,0,1,TRUE,TRUE,50,0.417890834580028,3.58458797812481e-33
50,1,0,1,0,0,0,0,-3,0,1e-14,0.001,1e+07,0,1,TRUE,TRUE,50,0.434258545910665,2.0752877768091e-33
50,1,0,1,0,0,0,0,-2.66666666666667,0,1e-14,0.001,1e+07,0,1,TRUE,TRUE,50,0.452934422872475,3.08148791101958e-33
50,1,0,1,0,0,0,0,-2.33333333333333,0,1e-14,0.001,1e+07,0,1,TRUE,TRUE,50,0.474546482928068,1.63507521809202e-33
50,1,0,1,0,0,0,0,-2,0,1e-14,0.001,1e+07,0,1,TRUE,TRUE,50,0.5,1.25775016776309e-34
50,1,0,1,0,0,0,0,-1.66666666666667,0,1e-14,0.001,1e+07,0,1,TRUE,TRUE,50,0.530662386291807,2.7670503690788e-33
50,1,0,1,0,0,0,0,-1.33333333333333,0,1e-14,0.001,1e+07,0,1,TRUE,TRUE,50,0.568729304408844,3.27015043618404e-33
50,1,0,1,0,0,0,0,-1,0,1e-14,0.001,1e+07,0,1,TRUE,TRUE,50,0.618033988749895,4.27635057039452e-33
