"S","MuR","SigmaR","MuD","SigmaD","MuA","SigmaA","Rho","MuB","SigmaB","AbdCutoff","GrCutoff","EndTime","IniMin","IniMax","Equilibrium","Uninvasible","NumCoexist","MeanAbd","VarAbd"
75,1,0,1,0,-2,0.2,0,0,0,1e-14,0.001,1e+07,0,1,TRUE,TRUE,75,0.335557101154433,0.00628492361821535
75,1,0,1,0,-2,0.2,0,0,0,1e-14,0.001,1e+07,0,1,TRUE,TRUE,75,0.333999879241118,0.00502329801445593
75,1,0,1,0,-2,0.2,0,0,0,1e-14,0.001,1e+07,0,1,TRUE,TRUE,75,0.334276964609673,0.0053602284903078
75,1,0,1,0,-2,0.2,0,0,0,1e-14,0.001,1e+07,0,1,TRUE,TRUE,75,0.330054322835334,0.00518133277069784
75,1,0,1,0,-2,0.2,0,0,0,1e-14,0.001,1e+07,0,1,TRUE,TRUE,75,0.329502440982569,0.00607989737638978
75,1,0,1,0,-2,0.2,0,0,0,1e-14,0.001,1e+07,0,1,TRUE,TRUE,75,0.336870498030705,0.00543570190221751
75,1,0,1,0,-2,0.2,0,0,0,1e-14,0.001,1e+07,0,1,TRUE,TRUE,75,0.337758217097194,0.00524872182601872
75,1,0,1,0,-2,0.2,0,0,0,1e-14,0.001,1e+07,0,1,TRUE,TRUE,75,0.335099498461809,0.00499465450097836
75,1,0,1,0,-2,0.2,0,0,0,1e-14,0.001,1e+07,0,1,TRUE,TRUE,75,0.336984364769412,0.00488863603996436
75,1,0,1,0,-2,0.2,0,0,0,1e-14,0.001,1e+07,0,1,TRUE,TRUE,75,0.330182055743607,0.00489180796575602
75,1,0,1,0,-2,0.2,0,0,0,1e-14,0.001,1e+07,0,1,TRUE,TRUE,75,0.335164143053169,0.00551324121653966
75,1,0,1,0,-2,0.2,0,0,0,1e-14,0.001,1e+07,0,1,TRUE,TRUE,75,0.334724376971442,0.00480920360723385
75,1,0,1,0,-2,0.2,0,0,0,1e-14,0.001,1e+07,0,1,TRUE,TRUE,75,0.331567681598583,0.00578149604537451
75,1,0,1,0,-2,0.2,0,0,0,1e-14,0.001,1e+07,0,1,TRUE,TRUE,75,0.331784382583622,0.00441887266618309
75,1,0,1,0,-2,0.2,0,0,0,1e-14,0.001,1e+07,0,1,TRUE,TRUE,75,0.333292645912672,0.00510363490391554
75,1,0,1,0,-2,0.2,0,0,0,1e-14,0.001,1e+07,0,1,TRUE,TRUE,75,0.333554331816549,0.00400231763714241
75,1,0,1,0,-2,0.2,0,0,0,1e-14,0.001,1e+07,0,1,TRUE,TRUE,75,0.333618665710997,0.00452147830805712
75,1,0,1,0,-2,0.2,0,0,0,1e-14,0.001,1e+07,0,1,TRUE,TRUE,75,0.329782766636804,0.00613358137105657
75,1,0,1,0,-2,0.2,0,0,0,1e-14,0.001,1e+07,0,1,TRUE,TRUE,75,0.33599052707067,0.00485842032550583
75,1,0,1,0,-2,0.2,0,0,0,1e-14,0.001,1e+07,0,1,TRUE,TRUE,75,0.334964929425132,0.00522574631804753
75,1,0,1,0,-2,0.2,0,0,0,1e-14,0.001,1e+07,0,1,TRUE,TRUE,75,0.334520599229234,0.00550177787742967
75,1,0,1,0,-2,0.2,0,0,0,1e-14,0.001,1e+07,0,1,TRUE,TRUE,75,0.333473187793044,0.00368554419455952
75,1,0,1,0,-2,0.2,0,0,0,1e-14,0.001,1e+07,0,1,TRUE,TRUE,75,0.334544219081609,0.00417968876623949
75,1,0,1,0,-2,0.2,0,0,0,1e-14,0.001,1e+07,0,1,TRUE,TRUE,75,0.328691890910152,0.0047043198869517
75,1,0,1,0,-2,0.2,0,0,0,1e-14,0.001,1e+07,0,1,TRUE,TRUE,75,0.337341183367856,0.00415021851926195
75,1,0,1,0,-2,0.2,0,0,0,1e-14,0.001,1e+07,0,1,TRUE,TRUE,75,0.337891154573742,0.00520838510626723
75,1,0,1,0,-2,0.2,0,0,0,1e-14,0.001,1e+07,0,1,TRUE,TRUE,75,0.335987636508023,0.00698078444380471
75,1,0,1,0,-2,0.2,0,0,0,1e-14,0.001,1e+07,0,1,TRUE,TRUE,75,0.33542964236748,0.00639139921946002
75,1,0,1,0,-2,0.2,0,0,0,1e-14,0.001,1e+07,0,1,TRUE,TRUE,75,0.332150188915907,0.00674116557129437
75,1,0,1,0,-2,0.2,0,0,0,1e-14,0.001,1e+07,0,1,TRUE,TRUE,75,0.33314276596847,0.00525942004584984
75,1,0,1,0,-2,0.2,0,0,0,1e-14,0.001,1e+07,0,1,TRUE,TRUE,75,0.337751517087032,0.00429469986732466
75,1,0,1,0,-2,0.2,0,0,0,1e-14,0.001,1e+07,0,1,TRUE,TRUE,75,0.331913816851148,0.00436216843505955
75,1,0,1,0,-2,0.2,0,0,0,1e-14,0.001,1e+07,0,1,TRUE,TRUE,75,0.334848391613601,0.00568957697080002
75,1,0,1,0,-2,0.2,0,0,0,1e-14,0.001,1e+07,0,1,TRUE,TRUE,75,0.336381933675693,0.00475008574637694
75,1,0,1,0,-2,0.2,0,0,0,1e-14,0.001,1e+07,0,1,TRUE,TRUE,75,0.330972418992365,0.00725490800060798
75,1,0,1,0,-2,0.2,0,0,0,1e-14,0.001,1e+07,0,1,TRUE,TRUE,75,0.330158244168061,0.00518716454128342
75,1,0,1,0,-2,0.2,0,0,0,1e-14,0.001,1e+07,0,1,TRUE,TRUE,75,0.33464369098467,0.00503196757960609
75,1,0,1,0,-2,0.2,0,0,0,1e-14,0.001,1e+07,0,1,TRUE,TRUE,75,0.332620193722497,0.00454646685366748
75,1,0,1,0,-2,0.2,0,0,0,1e-14,0.001,1e+07,0,1,TRUE,TRUE,75,0.334786850074494,0.00520134229122183
75,1,0,1,0,-2,0.2,0,0,0,1e-14,0.001,1e+07,0,1,TRUE,TRUE,75,0.333790981712604,0.00501225988746954
75,1,0,1,0,-2,0.2,0,0,0,1e-14,0.001,1e+07,0,1,TRUE,TRUE,75,0.333042321286702,0.0048354160500957
75,1,0,1,0,-2,0.2,0,0,0,1e-14,0.001,1e+07,0,1,TRUE,TRUE,75,0.331055783456126,0.00514289738069618
75,1,0,1,0,-2,0.2,0,0,0,1e-14,0.001,1e+07,0,1,TRUE,TRUE,75,0.3339380814242,0.005184138683598
75,1,0,1,0,-2,0.2,0,0,0,1e-14,0.001,1e+07,0,1,TRUE,TRUE,75,0.330720696424848,0.00401018169961633
75,1,0,1,0,-2,0.2,0,0,0,1e-14,0.001,1e+07,0,1,TRUE,TRUE,75,0.33510400475686,0.00518919482323644
75,1,0,1,0,-2,0.2,0,0,0,1e-14,0.001,1e+07,0,1,TRUE,TRUE,75,0.332667080520077,0.00510691107324857
75,1,0,1,0,-2,0.2,0,0,0,1e-14,0.001,1e+07,0,1,TRUE,TRUE,75,0.332325891058953,0.0045713983325872
75,1,0,1,0,-2,0.2,0,0,0,1e-14,0.001,1e+07,0,1,TRUE,TRUE,75,0.331353202582628,0.00447109359278208
75,1,0,1,0,-2,0.2,0,0,0,1e-14,0.001,1e+07,0,1,TRUE,TRUE,75,0.332462429979294,0.0053931455003605
75,1,0,1,0,-2,0.2,0,0,0,1e-14,0.001,1e+07,0,1,TRUE,TRUE,75,0.329109541746404,0.00462112439241355
75,1,0,1,0,-2,0.255555555555556,0,0,0,1e-14,0.001,1e+07,0,1,TRUE,TRUE,75,0.332341761332344,0.00979823156937579
75,1,0,1,0,-2,0.255555555555556,0,0,0,1e-14,0.001,1e+07,0,1,TRUE,TRUE,75,0.332081783922677,0.00922711724869944
75,1,0,1,0,-2,0.255555555555556,0,0,0,1e-14,0.001,1e+07,0,1,TRUE,TRUE,75,0.330639634582031,0.00801971661399695
75,1,0,1,0,-2,0.255555555555556,0,0,0,1e-14,0.001,1e+07,0,1,TRUE,TRUE,75,0.327809355137367,0.00890551216837662
75,1,0,1,0,-2,0.255555555555556,0,0,0,1e-14,0.001,1e+07,0,1,TRUE,TRUE,75,0.33845080093751,0.00639940411095592
75,1,0,1,0,-2,0.255555555555556,0,0,0,1e-14,0.001,1e+07,0,1,TRUE,TRUE,75,0.337872390255095,0.00983587588156511
75,1,0,1,0,-2,0.255555555555556,0,0,0,1e-14,0.001,1e+07,0,1,TRUE,TRUE,75,0.333561987934555,0.00670547412770309
75,1,0,1,0,-2,0.255555555555556,0,0,0,1e-14,0.001,1e+07,0,1,TRUE,TRUE,75,0.334528457960845,0.00859328980185244
75,1,0,1,0,-2,0.255555555555556,0,0,0,1e-14,0.001,1e+07,0,1,TRUE,TRUE,75,0.335900782295878,0.0109518306595943
75,1,0,1,0,-2,0.255555555555556,0,0,0,1e-14,0.001,1e+07,0,1,TRUE,TRUE,75,0.334663472521154,0.00924177236313324
75,1,0,1,0,-2,0.255555555555556,0,0,0,1e-14,0.001,1e+07,0,1,TRUE,TRUE,75,0.335722581521029,0.00987667934643305
75,1,0,1,0,-2,0.255555555555556,0,0,0,1e-14,0.001,1e+07,0,1,TRUE,TRUE,75,0.332585650698373,0.010281355355142
75,1,0,1,0,-2,0.255555555555556,0,0,0,1e-14,0.001,1e+07,0,1,TRUE,TRUE,75,0.326121769817764,0.00790371446218748
75,1,0,1,0,-2,0.255555555555556,0,0,0,1e-14,0.001,1e+07,0,1,TRUE,TRUE,75,0.336492184522407,0.0060818768881491
75,1,0,1,0,-2,0.255555555555556,0,0,0,1e-14,0.001,1e+07,0,1,TRUE,TRUE,75,0.330744246307839,0.00660879835687006
75,1,0,1,0,-2,0.255555555555556,0,0,0,1e-14,0.001,1e+07,0,1,TRUE,TRUE,75,0.334171516009791,0.0077769745614928
75,1,0,1,0,-2,0.255555555555556,0,0,0,1e-14,0.001,1e+07,0,1,TRUE,TRUE,75,0.335272439859755,0.00793466540358338
75,1,0,1,0,-2,0.255555555555556,0,0,0,1e-14,0.001,1e+07,0,1,TRUE,TRUE,75,0.334982940220141,0.01208088276476
75,1,0,1,0,-2,0.255555555555556,0,0,0,1e-14,0.001,1e+07,0,1,TRUE,TRUE,75,0.323110372633909,0.00761374733878869
75,1,0,1,0,-2,0.255555555555556,0,0,0,1e-14,0.001,1e+07,0,1,TRUE,TRUE,75,0.330379937286266,0.00686311894820548
75,1,0,1,0,-2,0.255555555555556,0,0,0,1e-14,0.001,1e+07,0,1,TRUE,TRUE,75,0.339413884841003,0.00776065284587952
75,1,0,1,0,-2,0.255555555555556,0,0,0,1e-14,0.001,1e+07,0,1,TRUE,TRUE,75,0.345114751583047,0.0102277056536959
75,1,0,1,0,-2,0.255555555555556,0,0,0,1e-14,0.001,1e+07,0,1,TRUE,TRUE,75,0.333354599980055,0.00835769278945709
75,1,0,1,0,-2,0.255555555555556,0,0,0,1e-14,0.001,1e+07,0,1,TRUE,TRUE,75,0.333785247852365,0.00796373594157446
75,1,0,1,0,-2,0.255555555555556,0,0,0,1e-14,0.001,1e+07,0,1,TRUE,TRUE,75,0.339402909383754,0.00502341283746929
75,1,0,1,0,-2,0.255555555555556,0,0,0,1e-14,0.001,1e+07,0,1,TRUE,TRUE,75,0.332916698011002,0.00931997988707067
75,1,0,1,0,-2,0.255555555555556,0,0,0,1e-14,0.001,1e+07,0,1,TRUE,TRUE,75,0.33200331869057,0.00628989198328332
75,1,0,1,0,-2,0.255555555555556,0,0,0,1e-14,0.001,1e+07,0,1,TRUE,TRUE,75,0.322580178084315,0.00919719847460326
75,1,0,1,0,-2,0.255555555555556,0,0,0,1e-14,0.001,1e+07,0,1,TRUE,TRUE,75,0.333923457226611,0.00856133135199449
75,1,0,1,0,-2,0.255555555555556,0,0,0,1e-14,0.001,1e+07,0,1,TRUE,TRUE,75,0.331385695476508,0.00931685978176317
75,1,0,1,0,-2,0.255555555555556,0,0,0,1e-14,0.001,1e+07,0,1,TRUE,TRUE,75,0.333761536055196,0.00721537449130181
75,1,0,1,0,-2,0.255555555555556,0,0,0,1e-14,0.001,1e+07,0,1,TRUE,TRUE,75,0.331850750127824,0.0102260032891094
75,1,0,1,0,-2,0.255555555555556,0,0,0,1e-14,0.001,1e+07,0,1,TRUE,TRUE,75,0.331926041975409,0.010586368609692
75,1,0,1,0,-2,0.255555555555556,0,0,0,1e-14,0.001,1e+07,0,1,TRUE,TRUE,75,0.335407356114576,0.00806131575801276
75,1,0,1,0,-2,0.255555555555556,0,0,0,1e-14,0.001,1e+07,0,1,TRUE,TRUE,75,0.33962875807832,0.00928043368458312
75,1,0,1,0,-2,0.255555555555556,0,0,0,1e-14,0.001,1e+07,0,1,TRUE,TRUE,75,0.338374748010354,0.0092376204501614
75,1,0,1,0,-2,0.255555555555556,0,0,0,1e-14,0.001,1e+07,0,1,TRUE,TRUE,75,0.332781815180765,0.00853237598685204
75,1,0,1,0,-2,0.255555555555556,0,0,0,1e-14,0.001,1e+07,0,1,TRUE,TRUE,75,0.335120402261446,0.00948210543321332
75,1,0,1,0,-2,0.255555555555556,0,0,0,1e-14,0.001,1e+07,0,1,TRUE,TRUE,75,0.330569140844009,0.00611235701768118
75,1,0,1,0,-2,0.255555555555556,0,0,0,1e-14,0.001,1e+07,0,1,TRUE,TRUE,75,0.338167940687812,0.00648880769416112
75,1,0,1,0,-2,0.255555555555556,0,0,0,1e-14,0.001,1e+07,0,1,TRUE,TRUE,75,0.336849131006529,0.00887609860173536
75,1,0,1,0,-2,0.255555555555556,0,0,0,1e-14,0.001,1e+07,0,1,TRUE,TRUE,75,0.32974232892498,0.00780173033756141
75,1,0,1,0,-2,0.255555555555556,0,0,0,1e-14,0.001,1e+07,0,1,TRUE,TRUE,75,0.330963124000164,0.00948887018420423
75,1,0,1,0,-2,0.255555555555556,0,0,0,1e-14,0.001,1e+07,0,1,TRUE,TRUE,75,0.3308256062123,0.00802056605003218
75,1,0,1,0,-2,0.255555555555556,0,0,0,1e-14,0.001,1e+07,0,1,TRUE,TRUE,75,0.335444075493907,0.00567516273469057
75,1,0,1,0,-2,0.255555555555556,0,0,0,1e-14,0.001,1e+07,0,1,TRUE,TRUE,75,0.329927051395776,0.00868461161166257
75,1,0,1,0,-2,0.255555555555556,0,0,0,1e-14,0.001,1e+07,0,1,TRUE,TRUE,75,0.332667608243309,0.00661804044531918
75,1,0,1,0,-2,0.255555555555556,0,0,0,1e-14,0.001,1e+07,0,1,TRUE,TRUE,75,0.338162048706144,0.00909165219522197
75,1,0,1,0,-2,0.255555555555556,0,0,0,1e-14,0.001,1e+07,0,1,TRUE,TRUE,75,0.329986754779315,0.00749543450854051
75,1,0,1,0,-2,0.255555555555556,0,0,0,1e-14,0.001,1e+07,0,1,TRUE,TRUE,74,0.333163987597187,0.00566980133340062
75,1,0,1,0,-2,0.311111111111111,0,0,0,1e-14,0.001,1e+07,0,1,TRUE,TRUE,75,0.326139915423387,0.0145182921946398
75,1,0,1,0,-2,0.311111111111111,0,0,0,1e-14,0.001,1e+07,0,1,TRUE,TRUE,75,0.335370148397528,0.0138777346197887
75,1,0,1,0,-2,0.311111111111111,0,0,0,1e-14,0.001,1e+07,0,1,TRUE,TRUE,75,0.328913677423295,0.0102747071744429
75,1,0,1,0,-2,0.311111111111111,0,0,0,1e-14,0.001,1e+07,0,1,TRUE,TRUE,75,0.330516411543802,0.00805758170298734
75,1,0,1,0,-2,0.311111111111111,0,0,0,1e-14,0.001,1e+07,0,1,TRUE,TRUE,75,0.3301652094689,0.013624362786069
75,1,0,1,0,-2,0.311111111111111,0,0,0,1e-14,0.001,1e+07,0,1,TRUE,TRUE,74,0.340559098380039,0.00868570893303151
75,1,0,1,0,-2,0.311111111111111,0,0,0,1e-14,0.001,1e+07,0,1,TRUE,TRUE,75,0.334170508476932,0.0110383206097486
75,1,0,1,0,-2,0.311111111111111,0,0,0,1e-14,0.001,1e+07,0,1,TRUE,TRUE,75,0.335371511082318,0.0112944107642268
75,1,0,1,0,-2,0.311111111111111,0,0,0,1e-14,0.001,1e+07,0,1,TRUE,TRUE,75,0.332419545831421,0.00917125000632163
75,1,0,1,0,-2,0.311111111111111,0,0,0,1e-14,0.001,1e+07,0,1,TRUE,TRUE,75,0.335377235503806,0.0120894609825918
75,1,0,1,0,-2,0.311111111111111,0,0,0,1e-14,0.001,1e+07,0,1,TRUE,TRUE,75,0.341278117380574,0.011136637483243
75,1,0,1,0,-2,0.311111111111111,0,0,0,1e-14,0.001,1e+07,0,1,TRUE,TRUE,75,0.336847286055488,0.00920215184666373
75,1,0,1,0,-2,0.311111111111111,0,0,0,1e-14,0.001,1e+07,0,1,TRUE,TRUE,75,0.329471407200086,0.0104631421816734
75,1,0,1,0,-2,0.311111111111111,0,0,0,1e-14,0.001,1e+07,0,1,TRUE,TRUE,75,0.329698570566485,0.0141077788375039
75,1,0,1,0,-2,0.311111111111111,0,0,0,1e-14,0.001,1e+07,0,1,TRUE,TRUE,75,0.325197022858902,0.0137994020548906
75,1,0,1,0,-2,0.311111111111111,0,0,0,1e-14,0.001,1e+07,0,1,TRUE,TRUE,75,0.331780997842163,0.00910245316263274
75,1,0,1,0,-2,0.311111111111111,0,0,0,1e-14,0.001,1e+07,0,1,TRUE,TRUE,75,0.331311255543545,0.0158241755551276
75,1,0,1,0,-2,0.311111111111111,0,0,0,1e-14,0.001,1e+07,0,1,TRUE,TRUE,75,0.332275468231452,0.0126624377641086
75,1,0,1,0,-2,0.311111111111111,0,0,0,1e-14,0.001,1e+07,0,1,TRUE,TRUE,75,0.335606585226486,0.0121791908873163
75,1,0,1,0,-2,0.311111111111111,0,0,0,1e-14,0.001,1e+07,0,1,TRUE,TRUE,75,0.336153849817065,0.0109792861101124
75,1,0,1,0,-2,0.311111111111111,0,0,0,1e-14,0.001,1e+07,0,1,TRUE,TRUE,75,0.334298706412422,0.0104126897434895
75,1,0,1,0,-2,0.311111111111111,0,0,0,1e-14,0.001,1e+07,0,1,TRUE,TRUE,75,0.330793999138953,0.0120740314952261
75,1,0,1,0,-2,0.311111111111111,0,0,0,1e-14,0.001,1e+07,0,1,TRUE,TRUE,75,0.333537534715658,0.0109656199482434
75,1,0,1,0,-2,0.311111111111111,0,0,0,1e-14,0.001,1e+07,0,1,TRUE,TRUE,75,0.339187317907369,0.0104839596556812
75,1,0,1,0,-2,0.311111111111111,0,0,0,1e-14,0.001,1e+07,0,1,TRUE,TRUE,75,0.33148677380983,0.0179526765613416
75,1,0,1,0,-2,0.311111111111111,0,0,0,1e-14,0.001,1e+07,0,1,TRUE,TRUE,75,0.33425970359585,0.0115880111409232
75,1,0,1,0,-2,0.311111111111111,0,0,0,1e-14,0.001,1e+07,0,1,TRUE,TRUE,75,0.330314734176032,0.00691288634786195
75,1,0,1,0,-2,0.311111111111111,0,0,0,1e-14,0.001,1e+07,0,1,TRUE,TRUE,75,0.331369290122618,0.0150503804718779
75,1,0,1,0,-2,0.311111111111111,0,0,0,1e-14,0.001,1e+07,0,1,TRUE,TRUE,75,0.331361168430995,0.0118423630767264
75,1,0,1,0,-2,0.311111111111111,0,0,0,1e-14,0.001,1e+07,0,1,TRUE,TRUE,75,0.339574191670486,0.0139467989419749
75,1,0,1,0,-2,0.311111111111111,0,0,0,1e-14,0.001,1e+07,0,1,TRUE,TRUE,75,0.337288857229961,0.00812526998873647
75,1,0,1,0,-2,0.311111111111111,0,0,0,1e-14,0.001,1e+07,0,1,TRUE,TRUE,74,0.3518313560876,0.0113204778446287
75,1,0,1,0,-2,0.311111111111111,0,0,0,1e-14,0.001,1e+07,0,1,TRUE,TRUE,75,0.336065180937645,0.0117416252345447
75,1,0,1,0,-2,0.311111111111111,0,0,0,1e-14,0.001,1e+07,0,1,TRUE,TRUE,75,0.328824526166357,0.0104285103433396
75,1,0,1,0,-2,0.311111111111111,0,0,0,1e-14,0.001,1e+07,0,1,TRUE,TRUE,75,0.333339333157387,0.00811071876364748
75,1,0,1,0,-2,0.311111111111111,0,0,0,1e-14,0.001,1e+07,0,1,TRUE,TRUE,75,0.329118574757668,0.012485661924278
75,1,0,1,0,-2,0.311111111111111,0,0,0,1e-14,0.001,1e+07,0,1,TRUE,TRUE,75,0.332291731344626,0.0106423076522756
75,1,0,1,0,-2,0.311111111111111,0,0,0,1e-14,0.001,1e+07,0,1,TRUE,TRUE,75,0.330691130824278,0.00907579999938181
75,1,0,1,0,-2,0.311111111111111,0,0,0,1e-14,0.001,1e+07,0,1,TRUE,TRUE,75,0.332806867856747,0.0149181776121115
75,1,0,1,0,-2,0.311111111111111,0,0,0,1e-14,0.001,1e+07,0,1,TRUE,TRUE,75,0.335039724392388,0.0097886073791787
75,1,0,1,0,-2,0.311111111111111,0,0,0,1e-14,0.001,1e+07,0,1,TRUE,TRUE,74,0.341599711505146,0.0101382162836458
75,1,0,1,0,-2,0.311111111111111,0,0,0,1e-14,0.001,1e+07,0,1,TRUE,TRUE,75,0.329732310086548,0.0140995176096823
75,1,0,1,0,-2,0.311111111111111,0,0,0,1e-14,0.001,1e+07,0,1,TRUE,TRUE,75,0.333252390569248,0.0123490679897548
75,1,0,1,0,-2,0.311111111111111,0,0,0,1e-14,0.001,1e+07,0,1,TRUE,TRUE,75,0.344290969634226,0.00953589494628595
75,1,0,1,0,-2,0.311111111111111,0,0,0,1e-14,0.001,1e+07,0,1,TRUE,TRUE,74,0.338057407708768,0.0114924694461836
75,1,0,1,0,-2,0.311111111111111,0,0,0,1e-14,0.001,1e+07,0,1,TRUE,TRUE,75,0.33148433015438,0.0137957004548333
75,1,0,1,0,-2,0.311111111111111,0,0,0,1e-14,0.001,1e+07,0,1,TRUE,TRUE,75,0.331952958734933,0.0159047027512956
75,1,0,1,0,-2,0.311111111111111,0,0,0,1e-14,0.001,1e+07,0,1,TRUE,TRUE,75,0.335329786751164,0.011928079488372
75,1,0,1,0,-2,0.311111111111111,0,0,0,1e-14,0.001,1e+07,0,1,TRUE,TRUE,75,0.335919922536198,0.0139960256213732
75,1,0,1,0,-2,0.311111111111111,0,0,0,1e-14,0.001,1e+07,0,1,TRUE,TRUE,75,0.33994736832202,0.00875315280198931
75,1,0,1,0,-2,0.366666666666667,0,0,0,1e-14,0.001,1e+07,0,1,TRUE,TRUE,75,0.331519474931135,0.0164643423823903
75,1,0,1,0,-2,0.366666666666667,0,0,0,1e-14,0.001,1e+07,0,1,TRUE,TRUE,75,0.337717448170279,0.0128522100992734
75,1,0,1,0,-2,0.366666666666667,0,0,0,1e-14,0.001,1e+07,0,1,TRUE,TRUE,74,0.340721240289603,0.0180236810950033
75,1,0,1,0,-2,0.366666666666667,0,0,0,1e-14,0.001,1e+07,0,1,TRUE,TRUE,75,0.340116575061458,0.0180950998560023
75,1,0,1,0,-2,0.366666666666667,0,0,0,1e-14,0.001,1e+07,0,1,TRUE,TRUE,74,0.33615387376417,0.0129392085852349
75,1,0,1,0,-2,0.366666666666667,0,0,0,1e-14,0.001,1e+07,0,1,TRUE,TRUE,74,0.336627498142248,0.0139416231566399
75,1,0,1,0,-2,0.366666666666667,0,0,0,1e-14,0.001,1e+07,0,1,TRUE,TRUE,74,0.33898821991657,0.0199015043636036
75,1,0,1,0,-2,0.366666666666667,0,0,0,1e-14,0.001,1e+07,0,1,TRUE,TRUE,75,0.324824332413717,0.019672217854063
75,1,0,1,0,-2,0.366666666666667,0,0,0,1e-14,0.001,1e+07,0,1,TRUE,TRUE,75,0.336353687811721,0.013392405606843
75,1,0,1,0,-2,0.366666666666667,0,0,0,1e-14,0.001,1e+07,0,1,TRUE,TRUE,75,0.335461188212767,0.0190585403813431
75,1,0,1,0,-2,0.366666666666667,0,0,0,1e-14,0.001,1e+07,0,1,TRUE,TRUE,75,0.333868912319618,0.0122863184149344
75,1,0,1,0,-2,0.366666666666667,0,0,0,1e-14,0.001,1e+07,0,1,TRUE,TRUE,75,0.329544709061956,0.0188673065273364
75,1,0,1,0,-2,0.366666666666667,0,0,0,1e-14,0.001,1e+07,0,1,TRUE,TRUE,73,0.335128431524489,0.0228694398259151
75,1,0,1,0,-2,0.366666666666667,0,0,0,1e-14,0.001,1e+07,0,1,TRUE,TRUE,74,0.337920158186369,0.0156741320451282
75,1,0,1,0,-2,0.366666666666667,0,0,0,1e-14,0.001,1e+07,0,1,TRUE,TRUE,75,0.335848693832548,0.016937308269288
75,1,0,1,0,-2,0.366666666666667,0,0,0,1e-14,0.001,1e+07,0,1,TRUE,TRUE,74,0.347480985317707,0.0164920303748351
75,1,0,1,0,-2,0.366666666666667,0,0,0,1e-14,0.001,1e+07,0,1,TRUE,TRUE,75,0.327043715196599,0.0197832786428811
75,1,0,1,0,-2,0.366666666666667,0,0,0,1e-14,0.001,1e+07,0,1,TRUE,TRUE,74,0.338730361845708,0.0174989556658373
75,1,0,1,0,-2,0.366666666666667,0,0,0,1e-14,0.001,1e+07,0,1,TRUE,TRUE,74,0.341046250423208,0.0166266013754112
75,1,0,1,0,-2,0.366666666666667,0,0,0,1e-14,0.001,1e+07,0,1,TRUE,TRUE,75,0.333532714380803,0.0237780688786563
75,1,0,1,0,-2,0.366666666666667,0,0,0,1e-14,0.001,1e+07,0,1,TRUE,TRUE,75,0.341326365708585,0.0160737142985538
75,1,0,1,0,-2,0.366666666666667,0,0,0,1e-14,0.001,1e+07,0,1,TRUE,TRUE,74,0.333158532930585,0.017874211046111
75,1,0,1,0,-2,0.366666666666667,0,0,0,1e-14,0.001,1e+07,0,1,TRUE,TRUE,73,0.340113260424799,0.019475183018384
75,1,0,1,0,-2,0.366666666666667,0,0,0,1e-14,0.001,1e+07,0,1,TRUE,TRUE,75,0.334520003034786,0.0197826343863433
75,1,0,1,0,-2,0.366666666666667,0,0,0,1e-14,0.001,1e+07,0,1,TRUE,TRUE,75,0.330579145425645,0.0201833127155357
75,1,0,1,0,-2,0.366666666666667,0,0,0,1e-14,0.001,1e+07,0,1,TRUE,TRUE,75,0.327381458293419,0.0122055720345472
75,1,0,1,0,-2,0.366666666666667,0,0,0,1e-14,0.001,1e+07,0,1,TRUE,TRUE,75,0.33077052403587,0.0157887049174843
75,1,0,1,0,-2,0.366666666666667,0,0,0,1e-14,0.001,1e+07,0,1,TRUE,TRUE,74,0.339184203801965,0.025540505380273
75,1,0,1,0,-2,0.366666666666667,0,0,0,1e-14,0.001,1e+07,0,1,TRUE,TRUE,75,0.32816541512014,0.0227135592854996
75,1,0,1,0,-2,0.366666666666667,0,0,0,1e-14,0.001,1e+07,0,1,TRUE,TRUE,75,0.333014211843193,0.0149858455420616
75,1,0,1,0,-2,0.366666666666667,0,0,0,1e-14,0.001,1e+07,0,1,TRUE,TRUE,75,0.340128435939175,0.0208840798621317
75,1,0,1,0,-2,0.366666666666667,0,0,0,1e-14,0.001,1e+07,0,1,TRUE,TRUE,75,0.330915433561628,0.01877292892269
75,1,0,1,0,-2,0.366666666666667,0,0,0,1e-14,0.001,1e+07,0,1,TRUE,TRUE,75,0.332904423835416,0.0206610698140879
75,1,0,1,0,-2,0.366666666666667,0,0,0,1e-14,0.001,1e+07,0,1,TRUE,TRUE,73,0.340188372471211,0.0190614482324425
75,1,0,1,0,-2,0.366666666666667,0,0,0,1e-14,0.001,1e+07,0,1,TRUE,TRUE,74,0.347318042916732,0.0201981353201157
75,1,0,1,0,-2,0.366666666666667,0,0,0,1e-14,0.001,1e+07,0,1,TRUE,TRUE,75,0.324232405807294,0.0167242843579044
75,1,0,1,0,-2,0.366666666666667,0,0,0,1e-14,0.001,1e+07,0,1,TRUE,TRUE,75,0.338907338558006,0.0180701877974994
75,1,0,1,0,-2,0.366666666666667,0,0,0,1e-14,0.001,1e+07,0,1,TRUE,TRUE,75,0.33427841494567,0.0154014092306728
75,1,0,1,0,-2,0.366666666666667,0,0,0,1e-14,0.001,1e+07,0,1,TRUE,TRUE,74,0.335866430979156,0.0172790255585333
75,1,0,1,0,-2,0.366666666666667,0,0,0,1e-14,0.001,1e+07,0,1,TRUE,TRUE,75,0.325015363008087,0.0140595862127263
75,1,0,1,0,-2,0.366666666666667,0,0,0,1e-14,0.001,1e+07,0,1,TRUE,TRUE,74,0.34207373319751,0.0174750154115232
75,1,0,1,0,-2,0.366666666666667,0,0,0,1e-14,0.001,1e+07,0,1,TRUE,TRUE,75,0.335997588830912,0.0130205501994253
75,1,0,1,0,-2,0.366666666666667,0,0,0,1e-14,0.001,1e+07,0,1,TRUE,TRUE,75,0.340920953526235,0.017218221567304
75,1,0,1,0,-2,0.366666666666667,0,0,0,1e-14,0.001,1e+07,0,1,TRUE,TRUE,74,0.333927066888651,0.015195358798417
75,1,0,1,0,-2,0.366666666666667,0,0,0,1e-14,0.001,1e+07,0,1,TRUE,TRUE,75,0.336082064177238,0.0146698629447707
75,1,0,1,0,-2,0.366666666666667,0,0,0,1e-14,0.001,1e+07,0,1,TRUE,TRUE,75,0.324940201307348,0.0112092909877484
75,1,0,1,0,-2,0.366666666666667,0,0,0,1e-14,0.001,1e+07,0,1,TRUE,TRUE,75,0.336093879771542,0.0157355884854532
75,1,0,1,0,-2,0.366666666666667,0,0,0,1e-14,0.001,1e+07,0,1,TRUE,TRUE,75,0.330073172533642,0.0204283972882125
75,1,0,1,0,-2,0.366666666666667,0,0,0,1e-14,0.001,1e+07,0,1,TRUE,TRUE,74,0.340260945920913,0.0183424229628601
75,1,0,1,0,-2,0.366666666666667,0,0,0,1e-14,0.001,1e+07,0,1,TRUE,TRUE,75,0.328903195573243,0.0155874682825144
75,1,0,1,0,-2,0.422222222222222,0,0,0,1e-14,0.001,1e+07,0,1,TRUE,TRUE,72,0.354384493317099,0.0268450933199411
75,1,0,1,0,-2,0.422222222222222,0,0,0,1e-14,0.001,1e+07,0,1,TRUE,TRUE,74,0.339572195323088,0.025218465060721
75,1,0,1,0,-2,0.422222222222222,0,0,0,1e-14,0.001,1e+07,0,1,TRUE,TRUE,74,0.334453329732675,0.0220983806701919
75,1,0,1,0,-2,0.422222222222222,0,0,0,1e-14,0.001,1e+07,0,1,TRUE,TRUE,75,0.330392690209694,0.0179099705912366
75,1,0,1,0,-2,0.422222222222222,0,0,0,1e-14,0.001,1e+07,0,1,TRUE,TRUE,75,0.325426611385942,0.0200887440945172
75,1,0,1,0,-2,0.422222222222222,0,0,0,1e-14,0.001,1e+07,0,1,TRUE,TRUE,74,0.337024713107105,0.0229030384574448
75,1,0,1,0,-2,0.422222222222222,0,0,0,1e-14,0.001,1e+07,0,1,TRUE,TRUE,74,0.335706189138827,0.023423212984855
75,1,0,1,0,-2,0.422222222222222,0,0,0,1e-14,0.001,1e+07,0,1,TRUE,TRUE,75,0.331930519050554,0.023291060908164
75,1,0,1,0,-2,0.422222222222222,0,0,0,1e-14,0.001,1e+07,0,1,TRUE,TRUE,71,0.359640660400773,0.0270419018212553
75,1,0,1,0,-2,0.422222222222222,0,0,0,1e-14,0.001,1e+07,0,1,TRUE,TRUE,75,0.322953294262429,0.0189600295822174
75,1,0,1,0,-2,0.422222222222222,0,0,0,1e-14,0.001,1e+07,0,1,TRUE,TRUE,75,0.330450130013238,0.0230388418994649
75,1,0,1,0,-2,0.422222222222222,0,0,0,1e-14,0.001,1e+07,0,1,TRUE,TRUE,74,0.330698392916952,0.0225754574073973
75,1,0,1,0,-2,0.422222222222222,0,0,0,1e-14,0.001,1e+07,0,1,TRUE,TRUE,72,0.348268372735216,0.0211237520001411
75,1,0,1,0,-2,0.422222222222222,0,0,0,1e-14,0.001,1e+07,0,1,TRUE,TRUE,74,0.343738843308935,0.027181868762069
75,1,0,1,0,-2,0.422222222222222,0,0,0,1e-14,0.001,1e+07,0,1,TRUE,TRUE,71,0.346443568406969,0.0271611458564243
75,1,0,1,0,-2,0.422222222222222,0,0,0,1e-14,0.001,1e+07,0,1,TRUE,TRUE,73,0.342770211536591,0.023704133183569
75,1,0,1,0,-2,0.422222222222222,0,0,0,1e-14,0.001,1e+07,0,1,TRUE,TRUE,75,0.333611720746153,0.0242025878821847
75,1,0,1,0,-2,0.422222222222222,0,0,0,1e-14,0.001,1e+07,0,1,TRUE,TRUE,73,0.343605074605699,0.0206471878836403
75,1,0,1,0,-2,0.422222222222222,0,0,0,1e-14,0.001,1e+07,0,1,TRUE,TRUE,74,0.333738264760731,0.0245462369564691
75,1,0,1,0,-2,0.422222222222222,0,0,0,1e-14,0.001,1e+07,0,1,TRUE,TRUE,71,0.346805984632192,0.025281615470807
75,1,0,1,0,-2,0.422222222222222,0,0,0,1e-14,0.001,1e+07,0,1,TRUE,TRUE,74,0.342728491994256,0.0234380496771182
75,1,0,1,0,-2,0.422222222222222,0,0,0,1e-14,0.001,1e+07,0,1,TRUE,TRUE,75,0.337420440671111,0.019193116684431
75,1,0,1,0,-2,0.422222222222222,0,0,0,1e-14,0.001,1e+07,0,1,TRUE,TRUE,73,0.344332322890933,0.0263995839527301
75,1,0,1,0,-2,0.422222222222222,0,0,0,1e-14,0.001,1e+07,0,1,TRUE,TRUE,71,0.346307827171876,0.0243802147104342
75,1,0,1,0,-2,0.422222222222222,0,0,0,1e-14,0.001,1e+07,0,1,TRUE,TRUE,74,0.343583432983498,0.0308688863475755
75,1,0,1,0,-2,0.422222222222222,0,0,0,1e-14,0.001,1e+07,0,1,TRUE,TRUE,75,0.342630855881647,0.0255478761091789
75,1,0,1,0,-2,0.422222222222222,0,0,0,1e-14,0.001,1e+07,0,1,TRUE,TRUE,73,0.341879836806383,0.0206816923209999
75,1,0,1,0,-2,0.422222222222222,0,0,0,1e-14,0.001,1e+07,0,1,TRUE,TRUE,75,0.331093614025113,0.0275781693072861
75,1,0,1,0,-2,0.422222222222222,0,0,0,1e-14,0.001,1e+07,0,1,TRUE,TRUE,73,0.340600774350597,0.0200724819403879
75,1,0,1,0,-2,0.422222222222222,0,0,0,1e-14,0.001,1e+07,0,1,TRUE,TRUE,71,0.35739818190481,0.0276867027037135
75,1,0,1,0,-2,0.422222222222222,0,0,0,1e-14,0.001,1e+07,0,1,TRUE,TRUE,73,0.350215727228216,0.0272676517556186
75,1,0,1,0,-2,0.422222222222222,0,0,0,1e-14,0.001,1e+07,0,1,TRUE,TRUE,75,0.329276395674143,0.0227047215385036
75,1,0,1,0,-2,0.422222222222222,0,0,0,1e-14,0.001,1e+07,0,1,TRUE,TRUE,75,0.336098588226548,0.0312892943158169
75,1,0,1,0,-2,0.422222222222222,0,0,0,1e-14,0.001,1e+07,0,1,TRUE,TRUE,74,0.342478050751819,0.0239133317976355
75,1,0,1,0,-2,0.422222222222222,0,0,0,1e-14,0.001,1e+07,0,1,TRUE,TRUE,73,0.331517205660911,0.0158943492069927
75,1,0,1,0,-2,0.422222222222222,0,0,0,1e-14,0.001,1e+07,0,1,TRUE,TRUE,73,0.349609699881829,0.0250662332553386
75,1,0,1,0,-2,0.422222222222222,0,0,0,1e-14,0.001,1e+07,0,1,TRUE,TRUE,74,0.332955689991739,0.0238096041649059
75,1,0,1,0,-2,0.422222222222222,0,0,0,1e-14,0.001,1e+07,0,1,TRUE,TRUE,74,0.342284383609746,0.0270945406635834
75,1,0,1,0,-2,0.422222222222222,0,0,0,1e-14,0.001,1e+07,0,1,TRUE,TRUE,75,0.332745104733996,0.0145664282575333
75,1,0,1,0,-2,0.422222222222222,0,0,0,1e-14,0.001,1e+07,0,1,TRUE,TRUE,73,0.340411274683815,0.0192754849703696
75,1,0,1,0,-2,0.422222222222222,0,0,0,1e-14,0.001,1e+07,0,1,TRUE,TRUE,73,0.353070486522878,0.0225171413760469
75,1,0,1,0,-2,0.422222222222222,0,0,0,1e-14,0.001,1e+07,0,1,TRUE,TRUE,75,0.33618244942321,0.0197836261251413
75,1,0,1,0,-2,0.422222222222222,0,0,0,1e-14,0.001,1e+07,0,1,TRUE,TRUE,73,0.342673638278028,0.0303183306797334
75,1,0,1,0,-2,0.422222222222222,0,0,0,1e-14,0.001,1e+07,0,1,TRUE,TRUE,74,0.339276839913458,0.017049180680163
75,1,0,1,0,-2,0.422222222222222,0,0,0,1e-14,0.001,1e+07,0,1,TRUE,TRUE,75,0.332903416556514,0.0158658507614022
75,1,0,1,0,-2,0.422222222222222,0,0,0,1e-14,0.001,1e+07,0,1,TRUE,TRUE,75,0.339152185589425,0.0205684666635585
75,1,0,1,0,-2,0.422222222222222,0,0,0,1e-14,0.001,1e+07,0,1,TRUE,TRUE,71,0.356742141471569,0.0311211622193769
75,1,0,1,0,-2,0.422222222222222,0,0,0,1e-14,0.001,1e+07,0,1,TRUE,TRUE,75,0.32745560629799,0.0230082239539123
75,1,0,1,0,-2,0.422222222222222,0,0,0,1e-14,0.001,1e+07,0,1,TRUE,TRUE,75,0.324254560501171,0.0224372031752832
75,1,0,1,0,-2,0.422222222222222,0,0,0,1e-14,0.001,1e+07,0,1,TRUE,TRUE,74,0.336991850280553,0.021926947206906
75,1,0,1,0,-2,0.477777777777778,0,0,0,1e-14,0.001,1e+07,0,1,TRUE,TRUE,74,0.343332929261503,0.0234674881391658
75,1,0,1,0,-2,0.477777777777778,0,0,0,1e-14,0.001,1e+07,0,1,TRUE,TRUE,75,0.332831093157592,0.0285092881217142
75,1,0,1,0,-2,0.477777777777778,0,0,0,1e-14,0.001,1e+07,0,1,TRUE,TRUE,72,0.324375131085104,0.0298678793034459
75,1,0,1,0,-2,0.477777777777778,0,0,0,1e-14,0.001,1e+07,0,1,TRUE,TRUE,72,0.355234310601412,0.0226156845905862
75,1,0,1,0,-2,0.477777777777778,0,0,0,1e-14,0.001,1e+07,0,1,TRUE,TRUE,71,0.353716012824655,0.0317010655864186
75,1,0,1,0,-2,0.477777777777778,0,0,0,1e-14,0.001,1e+07,0,1,TRUE,TRUE,75,0.322072475736637,0.0238744973877193
75,1,0,1,0,-2,0.477777777777778,0,0,0,1e-14,0.001,1e+07,0,1,TRUE,TRUE,71,0.359572911699944,0.0385313589390247
75,1,0,1,0,-2,0.477777777777778,0,0,0,1e-14,0.001,1e+07,0,1,TRUE,TRUE,72,0.349673387296317,0.0271908374166431
75,1,0,1,0,-2,0.477777777777778,0,0,0,1e-14,0.001,1e+07,0,1,TRUE,TRUE,72,0.364532188068223,0.0320273006161577
75,1,0,1,0,-2,0.477777777777778,0,0,0,1e-14,0.001,1e+07,0,1,TRUE,TRUE,70,0.362813622566437,0.0419631280845853
75,1,0,1,0,-2,0.477777777777778,0,0,0,1e-14,0.001,1e+07,0,1,TRUE,TRUE,73,0.34119765500781,0.0367766148893755
75,1,0,1,0,-2,0.477777777777778,0,0,0,1e-14,0.001,1e+07,0,1,TRUE,TRUE,74,0.333312215240321,0.025633697548548
75,1,0,1,0,-2,0.477777777777778,0,0,0,1e-14,0.001,1e+07,0,1,TRUE,TRUE,74,0.333225557004122,0.0335559560593436
75,1,0,1,0,-2,0.477777777777778,0,0,0,1e-14,0.001,1e+07,0,1,TRUE,TRUE,69,0.365971778464474,0.0236880693659041
75,1,0,1,0,-2,0.477777777777778,0,0,0,1e-14,0.001,1e+07,0,1,TRUE,TRUE,72,0.35044776693993,0.0333838682366208
75,1,0,1,0,-2,0.477777777777778,0,0,0,1e-14,0.001,1e+07,0,1,TRUE,TRUE,74,0.337529775641669,0.0247645232833476
75,1,0,1,0,-2,0.477777777777778,0,0,0,1e-14,0.001,1e+07,0,1,TRUE,TRUE,71,0.34965272459039,0.0347180414424508
75,1,0,1,0,-2,0.477777777777778,0,0,0,1e-14,0.001,1e+07,0,1,TRUE,TRUE,71,0.342456051155076,0.0254035505947062
75,1,0,1,0,-2,0.477777777777778,0,0,0,1e-14,0.001,1e+07,0,1,TRUE,TRUE,73,0.343702292099781,0.0312665451743906
75,1,0,1,0,-2,0.477777777777778,0,0,0,1e-14,0.001,1e+07,0,1,TRUE,TRUE,70,0.352352067572993,0.02918324485757
75,1,0,1,0,-2,0.477777777777778,0,0,0,1e-14,0.001,1e+07,0,1,TRUE,TRUE,71,0.337824756769922,0.0398355025546778
75,1,0,1,0,-2,0.477777777777778,0,0,0,1e-14,0.001,1e+07,0,1,TRUE,TRUE,72,0.354250771047116,0.0361517766890789
75,1,0,1,0,-2,0.477777777777778,0,0,0,1e-14,0.001,1e+07,0,1,TRUE,TRUE,71,0.365096093761839,0.0372440965366821
75,1,0,1,0,-2,0.477777777777778,0,0,0,1e-14,0.001,1e+07,0,1,TRUE,TRUE,70,0.369407246992665,0.0321821842201261
75,1,0,1,0,-2,0.477777777777778,0,0,0,1e-14,0.001,1e+07,0,1,TRUE,TRUE,70,0.359129967300167,0.0319160424200049
75,1,0,1,0,-2,0.477777777777778,0,0,0,1e-14,0.001,1e+07,0,1,TRUE,TRUE,72,0.345954186175269,0.0234764639114781
75,1,0,1,0,-2,0.477777777777778,0,0,0,1e-14,0.001,1e+07,0,1,TRUE,TRUE,71,0.354446134085263,0.0271753906897731
75,1,0,1,0,-2,0.477777777777778,0,0,0,1e-14,0.001,1e+07,0,1,TRUE,TRUE,72,0.34601407466811,0.0328077223907187
75,1,0,1,0,-2,0.477777777777778,0,0,0,1e-14,0.001,1e+07,0,1,TRUE,TRUE,72,0.349443530078647,0.0228964353981782
75,1,0,1,0,-2,0.477777777777778,0,0,0,1e-14,0.001,1e+07,0,1,TRUE,TRUE,72,0.349215657793839,0.0432147275417642
75,1,0,1,0,-2,0.477777777777778,0,0,0,1e-14,0.001,1e+07,0,1,TRUE,TRUE,70,0.348099399479598,0.0264422629606354
75,1,0,1,0,-2,0.477777777777778,0,0,0,1e-14,0.001,1e+07,0,1,TRUE,TRUE,72,0.350963269488139,0.0187378936877238
75,1,0,1,0,-2,0.477777777777778,0,0,0,1e-14,0.001,1e+07,0,1,TRUE,TRUE,72,0.33472678797324,0.0336877596398947
75,1,0,1,0,-2,0.477777777777778,0,0,0,1e-14,0.001,1e+07,0,1,TRUE,TRUE,72,0.346500696823428,0.0321827856263255
75,1,0,1,0,-2,0.477777777777778,0,0,0,1e-14,0.001,1e+07,0,1,TRUE,TRUE,72,0.360314972217618,0.0300603551407966
75,1,0,1,0,-2,0.477777777777778,0,0,0,1e-14,0.001,1e+07,0,1,TRUE,TRUE,72,0.352770294442563,0.0326869829185239
75,1,0,1,0,-2,0.477777777777778,0,0,0,1e-14,0.001,1e+07,0,1,TRUE,TRUE,74,0.332930954841552,0.033153426557187
75,1,0,1,0,-2,0.477777777777778,0,0,0,1e-14,0.001,1e+07,0,1,TRUE,TRUE,72,0.354608596331937,0.0322974391688102
75,1,0,1,0,-2,0.477777777777778,0,0,0,1e-14,0.001,1e+07,0,1,TRUE,TRUE,75,0.34073094030971,0.0261946704863532
75,1,0,1,0,-2,0.477777777777778,0,0,0,1e-14,0.001,1e+07,0,1,TRUE,TRUE,73,0.346275931040448,0.0285893887733858
75,1,0,1,0,-2,0.477777777777778,0,0,0,1e-14,0.001,1e+07,0,1,TRUE,TRUE,75,0.338560831260104,0.031273611848378
75,1,0,1,0,-2,0.477777777777778,0,0,0,1e-14,0.001,1e+07,0,1,TRUE,TRUE,73,0.33986813758165,0.0292338000129198
75,1,0,1,0,-2,0.477777777777778,0,0,0,1e-14,0.001,1e+07,0,1,TRUE,TRUE,71,0.354475773297835,0.028026543270386
75,1,0,1,0,-2,0.477777777777778,0,0,0,1e-14,0.001,1e+07,0,1,TRUE,TRUE,71,0.347811794798912,0.038665043619869
75,1,0,1,0,-2,0.477777777777778,0,0,0,1e-14,0.001,1e+07,0,1,TRUE,TRUE,72,0.349068427093633,0.0323383590880058
75,1,0,1,0,-2,0.477777777777778,0,0,0,1e-14,0.001,1e+07,0,1,TRUE,TRUE,73,0.348704820834062,0.0255580729394273
75,1,0,1,0,-2,0.477777777777778,0,0,0,1e-14,0.001,1e+07,0,1,TRUE,TRUE,72,0.339857846457268,0.0222628499051831
75,1,0,1,0,-2,0.477777777777778,0,0,0,1e-14,0.001,1e+07,0,1,TRUE,TRUE,74,0.335822059817544,0.032676594984915
75,1,0,1,0,-2,0.477777777777778,0,0,0,1e-14,0.001,1e+07,0,1,TRUE,TRUE,71,0.343814870948442,0.0295411203861048
75,1,0,1,0,-2,0.477777777777778,0,0,0,1e-14,0.001,1e+07,0,1,TRUE,TRUE,74,0.336249115249832,0.0243776808877046
75,1,0,1,0,-2,0.533333333333333,0,0,0,1e-14,0.001,1e+07,0,1,TRUE,TRUE,70,0.359454219582213,0.0427311373583694
75,1,0,1,0,-2,0.533333333333333,0,0,0,1e-14,0.001,1e+07,0,1,TRUE,TRUE,68,0.365375089546056,0.0354247618237089
75,1,0,1,0,-2,0.533333333333333,0,0,0,1e-14,0.001,1e+07,0,1,TRUE,TRUE,72,0.356118035702382,0.0277111328454079
75,1,0,1,0,-2,0.533333333333333,0,0,0,1e-14,0.001,1e+07,0,1,TRUE,TRUE,68,0.357120378027048,0.0271493225961176
75,1,0,1,0,-2,0.533333333333333,0,0,0,1e-14,0.001,1e+07,0,1,TRUE,TRUE,73,0.345893771318102,0.0302270544907254
75,1,0,1,0,-2,0.533333333333333,0,0,0,1e-14,0.001,1e+07,0,1,TRUE,TRUE,75,0.342377179895939,0.0328563057121053
75,1,0,1,0,-2,0.533333333333333,0,0,0,1e-14,0.001,1e+07,0,1,TRUE,TRUE,67,0.363912692395207,0.0370631068366428
75,1,0,1,0,-2,0.533333333333333,0,0,0,1e-14,0.001,1e+07,0,1,TRUE,TRUE,71,0.344119529615811,0.034273197198121
75,1,0,1,0,-2,0.533333333333333,0,0,0,1e-14,0.001,1e+07,0,1,TRUE,TRUE,72,0.357332561535462,0.0304354264132201
75,1,0,1,0,-2,0.533333333333333,0,0,0,1e-14,0.001,1e+07,0,1,TRUE,TRUE,73,0.348020419514573,0.0301385665027876
75,1,0,1,0,-2,0.533333333333333,0,0,0,1e-14,0.001,1e+07,0,1,TRUE,TRUE,68,0.364586108685899,0.0334591228036487
75,1,0,1,0,-2,0.533333333333333,0,0,0,1e-14,0.001,1e+07,0,1,TRUE,TRUE,73,0.332213600691365,0.035175355669959
75,1,0,1,0,-2,0.533333333333333,0,0,0,1e-14,0.001,1e+07,0,1,TRUE,TRUE,69,0.35946167363719,0.0372991704654443
75,1,0,1,0,-2,0.533333333333333,0,0,0,1e-14,0.001,1e+07,0,1,TRUE,TRUE,69,0.371334960811565,0.0456936754271632
75,1,0,1,0,-2,0.533333333333333,0,0,0,1e-14,0.001,1e+07,0,1,TRUE,TRUE,70,0.361735073966892,0.0374458108988343
75,1,0,1,0,-2,0.533333333333333,0,0,0,1e-14,0.001,1e+07,0,1,TRUE,TRUE,68,0.357091663966063,0.0342641367311712
75,1,0,1,0,-2,0.533333333333333,0,0,0,1e-14,0.001,1e+07,0,1,TRUE,TRUE,69,0.367788491165429,0.0280756806704136
75,1,0,1,0,-2,0.533333333333333,0,0,0,1e-14,0.001,1e+07,0,1,TRUE,TRUE,71,0.355646357553492,0.0328290847128297
75,1,0,1,0,-2,0.533333333333333,0,0,0,1e-14,0.001,1e+07,0,1,TRUE,TRUE,71,0.347915025287006,0.0319668691617814
75,1,0,1,0,-2,0.533333333333333,0,0,0,1e-14,0.001,1e+07,0,1,TRUE,TRUE,68,0.377026515010545,0.0336219190889761
75,1,0,1,0,-2,0.533333333333333,0,0,0,1e-14,0.001,1e+07,0,1,TRUE,TRUE,69,0.363054313307294,0.0392816695118365
75,1,0,1,0,-2,0.533333333333333,0,0,0,1e-14,0.001,1e+07,0,1,TRUE,TRUE,70,0.360424506406279,0.0380610050494504
75,1,0,1,0,-2,0.533333333333333,0,0,0,1e-14,0.001,1e+07,0,1,TRUE,TRUE,67,0.383515543327856,0.0334163850953087
75,1,0,1,0,-2,0.533333333333333,0,0,0,1e-14,0.001,1e+07,0,1,TRUE,TRUE,69,0.370882517418499,0.0442831220836194
75,1,0,1,0,-2,0.533333333333333,0,0,0,1e-14,0.001,1e+07,0,1,TRUE,TRUE,69,0.36493367744902,0.0276335783182311
75,1,0,1,0,-2,0.533333333333333,0,0,0,1e-14,0.001,1e+07,0,1,TRUE,TRUE,67,0.377772580001896,0.0477190827422139
75,1,0,1,0,-2,0.533333333333333,0,0,0,1e-14,0.001,1e+07,0,1,TRUE,TRUE,72,0.343471780631162,0.0306088046791485
75,1,0,1,0,-2,0.533333333333333,0,0,0,1e-14,0.001,1e+07,0,1,TRUE,TRUE,70,0.364767107229924,0.0320792315583855
75,1,0,1,0,-2,0.533333333333333,0,0,0,1e-14,0.001,1e+07,0,1,TRUE,TRUE,73,0.347981746293068,0.0278992307453116
75,1,0,1,0,-2,0.533333333333333,0,0,0,1e-14,0.001,1e+07,0,1,TRUE,TRUE,68,0.369324680529951,0.0300071941142533
75,1,0,1,0,-2,0.533333333333333,0,0,0,1e-14,0.001,1e+07,0,1,TRUE,TRUE,69,0.355870244224065,0.0376768192174507
75,1,0,1,0,-2,0.533333333333333,0,0,0,1e-14,0.001,1e+07,0,1,TRUE,TRUE,68,0.386776796667721,0.0504686544898075
75,1,0,1,0,-2,0.533333333333333,0,0,0,1e-14,0.001,1e+07,0,1,TRUE,TRUE,69,0.358141194739139,0.0287008883846571
75,1,0,1,0,-2,0.533333333333333,0,0,0,1e-14,0.001,1e+07,0,1,TRUE,TRUE,72,0.356229897091415,0.0269052866538234
75,1,0,1,0,-2,0.533333333333333,0,0,0,1e-14,0.001,1e+07,0,1,TRUE,TRUE,67,0.379997376770725,0.0384038131584713
75,1,0,1,0,-2,0.533333333333333,0,0,0,1e-14,0.001,1e+07,0,1,TRUE,TRUE,69,0.361942697428702,0.0410013896960147
75,1,0,1,0,-2,0.533333333333333,0,0,0,1e-14,0.001,1e+07,0,1,TRUE,TRUE,71,0.351057511624636,0.0321284562024073
75,1,0,1,0,-2,0.533333333333333,0,0,0,1e-14,0.001,1e+07,0,1,TRUE,TRUE,70,0.362995453505137,0.0401942110731616
75,1,0,1,0,-2,0.533333333333333,0,0,0,1e-14,0.001,1e+07,0,1,TRUE,TRUE,72,0.360126862275808,0.0242322567985286
75,1,0,1,0,-2,0.533333333333333,0,0,0,1e-14,0.001,1e+07,0,1,TRUE,TRUE,68,0.380734383753577,0.045219654287105
75,1,0,1,0,-2,0.533333333333333,0,0,0,1e-14,0.001,1e+07,0,1,TRUE,TRUE,71,0.345461343975533,0.0342909187429169
75,1,0,1,0,-2,0.533333333333333,0,0,0,1e-14,0.001,1e+07,0,1,TRUE,TRUE,70,0.351139603796783,0.0261320998251376
75,1,0,1,0,-2,0.533333333333333,0,0,0,1e-14,0.001,1e+07,0,1,TRUE,TRUE,70,0.376468688038613,0.0412527985228972
75,1,0,1,0,-2,0.533333333333333,0,0,0,1e-14,0.001,1e+07,0,1,TRUE,TRUE,72,0.328316453490396,0.0341077971875094
75,1,0,1,0,-2,0.533333333333333,0,0,0,1e-14,0.001,1e+07,0,1,TRUE,TRUE,68,0.379511589903712,0.0399616544076986
75,1,0,1,0,-2,0.533333333333333,0,0,0,1e-14,0.001,1e+07,0,1,TRUE,TRUE,71,0.350605500984044,0.0270050094006007
75,1,0,1,0,-2,0.533333333333333,0,0,0,1e-14,0.001,1e+07,0,1,TRUE,TRUE,72,0.345159017592074,0.040341496429365
75,1,0,1,0,-2,0.533333333333333,0,0,0,1e-14,0.001,1e+07,0,1,TRUE,TRUE,71,0.348173832026404,0.0384434227251616
75,1,0,1,0,-2,0.533333333333333,0,0,0,1e-14,0.001,1e+07,0,1,TRUE,TRUE,70,0.363242973381075,0.0482043445210417
75,1,0,1,0,-2,0.533333333333333,0,0,0,1e-14,0.001,1e+07,0,1,TRUE,TRUE,74,0.345275197751897,0.0231985058562731
75,1,0,1,0,-2,0.588888888888889,0,0,0,1e-14,0.001,1e+07,0,1,TRUE,TRUE,72,0.349869200592495,0.0252045776526668
75,1,0,1,0,-2,0.588888888888889,0,0,0,1e-14,0.001,1e+07,0,1,TRUE,TRUE,70,0.364075566612665,0.0406143981109266
75,1,0,1,0,-2,0.588888888888889,0,0,0,1e-14,0.001,1e+07,0,1,TRUE,TRUE,70,0.36354662746372,0.0353821077614736
75,1,0,1,0,-2,0.588888888888889,0,0,0,1e-14,0.001,1e+07,0,1,TRUE,TRUE,72,0.33841309873073,0.0322400964133028
75,1,0,1,0,-2,0.588888888888889,0,0,0,1e-14,0.001,1e+07,0,1,TRUE,TRUE,69,0.35030892207567,0.0297723982643548
75,1,0,1,0,-2,0.588888888888889,0,0,0,1e-14,0.001,1e+07,0,1,TRUE,TRUE,66,0.363347771984301,0.0477921974511569
75,1,0,1,0,-2,0.588888888888889,0,0,0,1e-14,0.001,1e+07,0,1,TRUE,TRUE,69,0.363464194744715,0.0459467813938177
75,1,0,1,0,-2,0.588888888888889,0,0,0,1e-14,0.001,1e+07,0,1,TRUE,TRUE,67,0.379062696722762,0.0486370190736668
75,1,0,1,0,-2,0.588888888888889,0,0,0,1e-14,0.001,1e+07,0,1,TRUE,TRUE,73,0.353039707268862,0.0406201396770347
75,1,0,1,0,-2,0.588888888888889,0,0,0,1e-14,0.001,1e+07,0,1,TRUE,TRUE,69,0.368966405748229,0.0397728927072941
75,1,0,1,0,-2,0.588888888888889,0,0,0,1e-14,0.001,1e+07,0,1,TRUE,TRUE,64,0.40500216923061,0.0520726545523015
75,1,0,1,0,-2,0.588888888888889,0,0,0,1e-14,0.001,1e+07,0,1,TRUE,TRUE,67,0.391062644408274,0.0498186490126042
75,1,0,1,0,-2,0.588888888888889,0,0,0,1e-14,0.001,1e+07,0,1,TRUE,TRUE,69,0.369438318924333,0.0404046724110635
75,1,0,1,0,-2,0.588888888888889,0,0,0,1e-14,0.001,1e+07,0,1,TRUE,TRUE,70,0.357175072691333,0.0350940115609955
75,1,0,1,0,-2,0.588888888888889,0,0,0,1e-14,0.001,1e+07,0,1,TRUE,TRUE,70,0.359232390093022,0.0363092293560129
75,1,0,1,0,-2,0.588888888888889,0,0,0,1e-14,0.001,1e+07,0,1,TRUE,TRUE,66,0.371499004652551,0.0315432968065162
75,1,0,1,0,-2,0.588888888888889,0,0,0,1e-14,0.001,1e+07,0,1,TRUE,TRUE,65,0.393980196327675,0.0400888601259913
75,1,0,1,0,-2,0.588888888888889,0,0,0,1e-14,0.001,1e+07,0,1,TRUE,TRUE,74,0.33999482176718,0.0429071504508272
75,1,0,1,0,-2,0.588888888888889,0,0,0,1e-14,0.001,1e+07,0,1,TRUE,TRUE,68,0.363976308216291,0.0381074752491895
75,1,0,1,0,-2,0.588888888888889,0,0,0,1e-14,0.001,1e+07,0,1,TRUE,TRUE,67,0.382250667360248,0.0299043010523443
75,1,0,1,0,-2,0.588888888888889,0,0,0,1e-14,0.001,1e+07,0,1,TRUE,TRUE,64,0.383329922523617,0.0372813624648273
75,1,0,1,0,-2,0.588888888888889,0,0,0,1e-14,0.001,1e+07,0,1,TRUE,TRUE,68,0.369861936675912,0.0344470865220148
75,1,0,1,0,-2,0.588888888888889,0,0,0,1e-14,0.001,1e+07,0,1,TRUE,TRUE,70,0.35389542080413,0.0466742430849406
75,1,0,1,0,-2,0.588888888888889,0,0,0,1e-14,0.001,1e+07,0,1,TRUE,TRUE,62,0.39321128273319,0.0550017613238609
75,1,0,1,0,-2,0.588888888888889,0,0,0,1e-14,0.001,1e+07,0,1,TRUE,TRUE,71,0.355424587322306,0.0449161834859391
75,1,0,1,0,-2,0.588888888888889,0,0,0,1e-14,0.001,1e+07,0,1,TRUE,TRUE,69,0.353168714147738,0.0448256411820485
75,1,0,1,0,-2,0.588888888888889,0,0,0,1e-14,0.001,1e+07,0,1,TRUE,TRUE,68,0.377424578773592,0.0517322904977124
75,1,0,1,0,-2,0.588888888888889,0,0,0,1e-14,0.001,1e+07,0,1,TRUE,TRUE,67,0.373696607526236,0.0435488592262317
75,1,0,1,0,-2,0.588888888888889,0,0,0,1e-14,0.001,1e+07,0,1,TRUE,TRUE,72,0.351014164427996,0.0334990388378026
75,1,0,1,0,-2,0.588888888888889,0,0,0,1e-14,0.001,1e+07,0,1,TRUE,TRUE,63,0.407688017353648,0.0435782191344848
75,1,0,1,0,-2,0.588888888888889,0,0,0,1e-14,0.001,1e+07,0,1,TRUE,TRUE,70,0.389095028837096,0.0407876041674193
75,1,0,1,0,-2,0.588888888888889,0,0,0,1e-14,0.001,1e+07,0,1,TRUE,TRUE,66,0.389060806790979,0.0404925333517682
75,1,0,1,0,-2,0.588888888888889,0,0,0,1e-14,0.001,1e+07,0,1,TRUE,TRUE,68,0.360405549175816,0.0371812375408281
75,1,0,1,0,-2,0.588888888888889,0,0,0,1e-14,0.001,1e+07,0,1,TRUE,TRUE,66,0.386391372913819,0.0531189618609264
75,1,0,1,0,-2,0.588888888888889,0,0,0,1e-14,0.001,1e+07,0,1,TRUE,TRUE,68,0.361265326179935,0.0289141733789951
75,1,0,1,0,-2,0.588888888888889,0,0,0,1e-14,0.001,1e+07,0,1,TRUE,TRUE,71,0.350125013675074,0.0400967430593775
75,1,0,1,0,-2,0.588888888888889,0,0,0,1e-14,0.001,1e+07,0,1,TRUE,TRUE,66,0.383045292199396,0.0612218675154669
75,1,0,1,0,-2,0.588888888888889,0,0,0,1e-14,0.001,1e+07,0,1,TRUE,TRUE,71,0.369854920547868,0.0381341913050912
75,1,0,1,0,-2,0.588888888888889,0,0,0,1e-14,0.001,1e+07,0,1,TRUE,TRUE,67,0.37761499025019,0.0395957752290477
75,1,0,1,0,-2,0.588888888888889,0,0,0,1e-14,0.001,1e+07,0,1,TRUE,TRUE,69,0.373597950979154,0.0302395268497398
75,1,0,1,0,-2,0.588888888888889,0,0,0,1e-14,0.001,1e+07,0,1,TRUE,TRUE,69,0.357454780111078,0.0328873710266315
75,1,0,1,0,-2,0.588888888888889,0,0,0,1e-14,0.001,1e+07,0,1,TRUE,TRUE,69,0.37516129579593,0.0427902375633715
75,1,0,1,0,-2,0.588888888888889,0,0,0,1e-14,0.001,1e+07,0,1,TRUE,TRUE,72,0.345198856579465,0.0304278125535472
75,1,0,1,0,-2,0.588888888888889,0,0,0,1e-14,0.001,1e+07,0,1,TRUE,TRUE,73,0.337670873844372,0.0281200612450704
75,1,0,1,0,-2,0.588888888888889,0,0,0,1e-14,0.001,1e+07,0,1,TRUE,TRUE,69,0.370090167134425,0.0398429331899614
75,1,0,1,0,-2,0.588888888888889,0,0,0,1e-14,0.001,1e+07,0,1,TRUE,TRUE,65,0.416925536692586,0.051306295946141
75,1,0,1,0,-2,0.588888888888889,0,0,0,1e-14,0.001,1e+07,0,1,TRUE,TRUE,67,0.382146015921576,0.044773057204747
75,1,0,1,0,-2,0.588888888888889,0,0,0,1e-14,0.001,1e+07,0,1,TRUE,TRUE,69,0.361005311369271,0.0337546935446851
75,1,0,1,0,-2,0.588888888888889,0,0,0,1e-14,0.001,1e+07,0,1,TRUE,TRUE,71,0.355602163807225,0.045928375259408
75,1,0,1,0,-2,0.588888888888889,0,0,0,1e-14,0.001,1e+07,0,1,TRUE,TRUE,71,0.367077023040354,0.0467901146939949
75,1,0,1,0,-2,0.644444444444444,0,0,0,1e-14,0.001,1e+07,0,1,TRUE,TRUE,66,0.388803378731316,0.0542890083512634
75,1,0,1,0,-2,0.644444444444444,0,0,0,1e-14,0.001,1e+07,0,1,TRUE,TRUE,67,0.398441049191332,0.0446163909403577
75,1,0,1,0,-2,0.644444444444444,0,0,0,1e-14,0.001,1e+07,0,1,TRUE,TRUE,69,0.360726513007975,0.0506761482865719
75,1,0,1,0,-2,0.644444444444444,0,0,0,1e-14,0.001,1e+07,0,1,TRUE,TRUE,65,0.394772553801342,0.0437099733410232
75,1,0,1,0,-2,0.644444444444444,0,0,0,1e-14,0.001,1e+07,0,1,TRUE,TRUE,65,0.390942713990925,0.0540172503080877
75,1,0,1,0,-2,0.644444444444444,0,0,0,1e-14,0.001,1e+07,0,1,TRUE,TRUE,66,0.380569032838168,0.0486100189088812
75,1,0,1,0,-2,0.644444444444444,0,0,0,1e-14,0.001,1e+07,0,1,TRUE,TRUE,68,0.353037875883483,0.0337912084607341
75,1,0,1,0,-2,0.644444444444444,0,0,0,1e-14,0.001,1e+07,0,1,TRUE,TRUE,71,0.377933251944574,0.0443077485004799
75,1,0,1,0,-2,0.644444444444444,0,0,0,1e-14,0.001,1e+07,0,1,TRUE,TRUE,66,0.367246354938744,0.0447140529627148
75,1,0,1,0,-2,0.644444444444444,0,0,0,1e-14,0.001,1e+07,0,1,TRUE,TRUE,65,0.381912178672989,0.0353012547526383
75,1,0,1,0,-2,0.644444444444444,0,0,0,1e-14,0.001,1e+07,0,1,TRUE,TRUE,63,0.41029179418447,0.0487291055667229
75,1,0,1,0,-2,0.644444444444444,0,0,0,1e-14,0.001,1e+07,0,1,TRUE,TRUE,65,0.386057928900035,0.0425119507440883
75,1,0,1,0,-2,0.644444444444444,0,0,0,1e-14,0.001,1e+07,0,1,TRUE,TRUE,67,0.378337802044481,0.0552647778144704
75,1,0,1,0,-2,0.644444444444444,0,0,0,1e-14,0.001,1e+07,0,1,TRUE,TRUE,63,0.408796008921695,0.0590716392395587
75,1,0,1,0,-2,0.644444444444444,0,0,0,1e-14,0.001,1e+07,0,1,TRUE,TRUE,65,0.40547707211598,0.0586867962535056
75,1,0,1,0,-2,0.644444444444444,0,0,0,1e-14,0.001,1e+07,0,1,TRUE,TRUE,62,0.413245112778587,0.0463976185906912
75,1,0,1,0,-2,0.644444444444444,0,0,0,1e-14,0.001,1e+07,0,1,TRUE,TRUE,69,0.370113090364549,0.0564562843518468
75,1,0,1,0,-2,0.644444444444444,0,0,0,1e-14,0.001,1e+07,0,1,TRUE,TRUE,62,0.401928015913987,0.0563409741421944
75,1,0,1,0,-2,0.644444444444444,0,0,0,1e-14,0.001,1e+07,0,1,TRUE,TRUE,63,0.414409210724493,0.0645290888009742
75,1,0,1,0,-2,0.644444444444444,0,0,0,1e-14,0.001,1e+07,0,1,TRUE,TRUE,69,0.374472211293352,0.0449160262409015
75,1,0,1,0,-2,0.644444444444444,0,0,0,1e-14,0.001,1e+07,0,1,TRUE,TRUE,72,0.36706146942779,0.0451177254343847
75,1,0,1,0,-2,0.644444444444444,0,0,0,1e-14,0.001,1e+07,0,1,TRUE,TRUE,63,0.388477264047109,0.060354109642577
75,1,0,1,0,-2,0.644444444444444,0,0,0,1e-14,0.001,1e+07,0,1,TRUE,TRUE,70,0.343548344928048,0.0462129212884015
75,1,0,1,0,-2,0.644444444444444,0,0,0,1e-14,0.001,1e+07,0,1,TRUE,TRUE,66,0.391764476224439,0.0525603963324671
75,1,0,1,0,-2,0.644444444444444,0,0,0,1e-14,0.001,1e+07,0,1,TRUE,TRUE,67,0.377423655927559,0.0387492118775947
75,1,0,1,0,-2,0.644444444444444,0,0,0,1e-14,0.001,1e+07,0,1,TRUE,TRUE,63,0.419217351719866,0.0679358599292507
75,1,0,1,0,-2,0.644444444444444,0,0,0,1e-14,0.001,1e+07,0,1,TRUE,TRUE,59,0.438216517627529,0.0493525838077135
75,1,0,1,0,-2,0.644444444444444,0,0,0,1e-14,0.001,1e+07,0,1,TRUE,TRUE,67,0.369270838555155,0.0432711751329016
75,1,0,1,0,-2,0.644444444444444,0,0,0,1e-14,0.001,1e+07,0,1,TRUE,TRUE,67,0.38099392204061,0.0481203168019227
75,1,0,1,0,-2,0.644444444444444,0,0,0,1e-14,0.001,1e+07,0,1,TRUE,TRUE,60,0.439764546587207,0.0597041596137993
75,1,0,1,0,-2,0.644444444444444,0,0,0,1e-14,0.001,1e+07,0,1,TRUE,TRUE,68,0.392589781556261,0.056079975537804
75,1,0,1,0,-2,0.644444444444444,0,0,0,1e-14,0.001,1e+07,0,1,TRUE,TRUE,65,0.403921024855174,0.0441953448968068
75,1,0,1,0,-2,0.644444444444444,0,0,0,1e-14,0.001,1e+07,0,1,TRUE,TRUE,73,0.329975729276993,0.0329883433072775
75,1,0,1,0,-2,0.644444444444444,0,0,0,1e-14,0.001,1e+07,0,1,TRUE,TRUE,68,0.373434292467369,0.0471292667335536
75,1,0,1,0,-2,0.644444444444444,0,0,0,1e-14,0.001,1e+07,0,1,TRUE,TRUE,68,0.372172872442029,0.0390351383482693
75,1,0,1,0,-2,0.644444444444444,0,0,0,1e-14,0.001,1e+07,0,1,TRUE,TRUE,64,0.417048983524478,0.0573527433308804
75,1,0,1,0,-2,0.644444444444444,0,0,0,1e-14,0.001,1e+07,0,1,TRUE,TRUE,69,0.347849569666378,0.0324319363961134
75,1,0,1,0,-2,0.644444444444444,0,0,0,1e-14,0.001,1e+07,0,1,TRUE,TRUE,65,0.395757311417024,0.0473557359399854
75,1,0,1,0,-2,0.644444444444444,0,0,0,1e-14,0.001,1e+07,0,1,TRUE,TRUE,68,0.373600922197629,0.0362610749741393
75,1,0,1,0,-2,0.644444444444444,0,0,0,1e-14,0.001,1e+07,0,1,TRUE,TRUE,68,0.366599184138724,0.0460954121307625
75,1,0,1,0,-2,0.644444444444444,0,0,0,1e-14,0.001,1e+07,0,1,TRUE,TRUE,69,0.358204116966447,0.0382160834499349
75,1,0,1,0,-2,0.644444444444444,0,0,0,1e-14,0.001,1e+07,0,1,TRUE,TRUE,67,0.379421802431198,0.0446092308717396
75,1,0,1,0,-2,0.644444444444444,0,0,0,1e-14,0.001,1e+07,0,1,TRUE,TRUE,65,0.395763671391782,0.0511446196379626
75,1,0,1,0,-2,0.644444444444444,0,0,0,1e-14,0.001,1e+07,0,1,TRUE,TRUE,68,0.365324358508577,0.0420461862541965
75,1,0,1,0,-2,0.644444444444444,0,0,0,1e-14,0.001,1e+07,0,1,TRUE,TRUE,63,0.428461621188236,0.0462967644773122
75,1,0,1,0,-2,0.644444444444444,0,0,0,1e-14,0.001,1e+07,0,1,TRUE,TRUE,66,0.37519221916582,0.0609114464338284
75,1,0,1,0,-2,0.644444444444444,0,0,0,1e-14,0.001,1e+07,0,1,TRUE,TRUE,67,0.39065663704102,0.057733609202518
75,1,0,1,0,-2,0.644444444444444,0,0,0,1e-14,0.001,1e+07,0,1,TRUE,TRUE,69,0.376119815639304,0.0429428540207341
75,1,0,1,0,-2,0.644444444444444,0,0,0,1e-14,0.001,1e+07,0,1,TRUE,TRUE,68,0.381594039452306,0.0617505995468563
75,1,0,1,0,-2,0.644444444444444,0,0,0,1e-14,0.001,1e+07,0,1,TRUE,TRUE,61,0.417171608456941,0.0498362555531014
75,1,0,1,0,-2,0.7,0,0,0,1e-14,0.001,1e+07,0,1,TRUE,TRUE,63,0.396801110211274,0.0832677025441682
75,1,0,1,0,-2,0.7,0,0,0,1e-14,0.001,1e+07,0,1,TRUE,TRUE,67,0.387735712453284,0.0655147341885504
75,1,0,1,0,-2,0.7,0,0,0,1e-14,0.001,1e+07,0,1,TRUE,TRUE,65,0.404882595561307,0.0614110425046367
75,1,0,1,0,-2,0.7,0,0,0,1e-14,0.001,1e+07,0,1,TRUE,TRUE,65,0.401187555529469,0.0460911082016894
75,1,0,1,0,-2,0.7,0,0,0,1e-14,0.001,1e+07,0,1,TRUE,TRUE,67,0.376265212489995,0.0529510683895365
75,1,0,1,0,-2,0.7,0,0,0,1e-14,0.001,1e+07,0,1,TRUE,TRUE,67,0.369649881529616,0.0592093080026359
75,1,0,1,0,-2,0.7,0,0,0,1e-14,0.001,1e+07,0,1,TRUE,TRUE,59,0.444183227354291,0.0988260315983037
75,1,0,1,0,-2,0.7,0,0,0,1e-14,0.001,1e+07,0,1,TRUE,TRUE,63,0.418438561383505,0.0797165188440433
75,1,0,1,0,-2,0.7,0,0,0,1e-14,0.001,1e+07,0,1,TRUE,TRUE,62,0.395392866022023,0.0453484997037424
75,1,0,1,0,-2,0.7,0,0,0,1e-14,0.001,1e+07,0,1,TRUE,TRUE,63,0.42803292457163,0.0751822274854238
75,1,0,1,0,-2,0.7,0,0,0,1e-14,0.001,1e+07,0,1,TRUE,TRUE,63,0.440389507533313,0.0797494839187114
75,1,0,1,0,-2,0.7,0,0,0,1e-14,0.001,1e+07,0,1,TRUE,TRUE,61,0.410446305118058,0.0649651218056579
75,1,0,1,0,-2,0.7,0,0,0,1e-14,0.001,1e+07,0,1,TRUE,TRUE,63,0.403716480552354,0.0515174056315689
75,1,0,1,0,-2,0.7,0,0,0,1e-14,0.001,1e+07,0,1,TRUE,TRUE,58,0.456251079731374,0.0972042550839653
75,1,0,1,0,-2,0.7,0,0,0,1e-14,0.001,1e+07,0,1,TRUE,TRUE,60,0.436820281180596,0.0776864219427221
75,1,0,1,0,-2,0.7,0,0,0,1e-14,0.001,1e+07,0,1,TRUE,TRUE,66,0.389512756033918,0.0704864427887178
75,1,0,1,0,-2,0.7,0,0,0,1e-14,0.001,1e+07,0,1,TRUE,TRUE,66,0.377729061328727,0.0511994914509214
75,1,0,1,0,-2,0.7,0,0,0,1e-14,0.001,1e+07,0,1,TRUE,TRUE,66,0.385612087171405,0.0640622489280231
75,1,0,1,0,-2,0.7,0,0,0,1e-14,0.001,1e+07,0,1,TRUE,TRUE,64,0.396109369567604,0.0709221166282898
75,1,0,1,0,-2,0.7,0,0,0,1e-14,0.001,1e+07,0,1,TRUE,TRUE,64,0.409628827767347,0.0660208729830532
75,1,0,1,0,-2,0.7,0,0,0,1e-14,0.001,1e+07,0,1,TRUE,TRUE,70,0.349533560115225,0.0386539951227579
75,1,0,1,0,-2,0.7,0,0,0,1e-14,0.001,1e+07,0,1,TRUE,TRUE,65,0.396216824614229,0.0654288387956535
75,1,0,1,0,-2,0.7,0,0,0,1e-14,0.001,1e+07,0,1,TRUE,TRUE,65,0.40530238857824,0.0473281110195165
75,1,0,1,0,-2,0.7,0,0,0,1e-14,0.001,1e+07,0,1,TRUE,TRUE,66,0.374119329229035,0.053400574404308
75,1,0,1,0,-2,0.7,0,0,0,1e-14,0.001,1e+07,0,1,TRUE,TRUE,70,0.340745502718636,0.0433179024554312
75,1,0,1,0,-2,0.7,0,0,0,1e-14,0.001,1e+07,0,1,TRUE,TRUE,66,0.393274533178793,0.0664889809893904
75,1,0,1,0,-2,0.7,0,0,0,1e-14,0.001,1e+07,0,1,TRUE,TRUE,64,0.372781113208462,0.0558745989191537
75,1,0,1,0,-2,0.7,0,0,0,1e-14,0.001,1e+07,0,1,TRUE,TRUE,62,0.394725310159312,0.0633452532015218
75,1,0,1,0,-2,0.7,0,0,0,1e-14,0.001,1e+07,0,1,TRUE,TRUE,65,0.385823152853158,0.061231443492831
75,1,0,1,0,-2,0.7,0,0,0,1e-14,0.001,1e+07,0,1,TRUE,TRUE,60,0.450175566950949,0.0913935648208891
75,1,0,1,0,-2,0.7,0,0,0,1e-14,0.001,1e+07,0,1,TRUE,TRUE,63,0.407574765827307,0.0548966578845015
75,1,0,1,0,-2,0.7,0,0,0,1e-14,0.001,1e+07,0,1,TRUE,TRUE,49,0.523178694563321,0.0973386179543082
75,1,0,1,0,-2,0.7,0,0,0,1e-14,0.001,1e+07,0,1,TRUE,TRUE,65,0.400223504798381,0.0668562004473642
75,1,0,1,0,-2,0.7,0,0,0,1e-14,0.001,1e+07,0,1,TRUE,TRUE,64,0.40179476255073,0.0679355070314735
75,1,0,1,0,-2,0.7,0,0,0,1e-14,0.001,1e+07,0,1,TRUE,TRUE,66,0.373579879444605,0.0538558074340061
75,1,0,1,0,-2,0.7,0,0,0,1e-14,0.001,1e+07,0,1,TRUE,TRUE,68,0.35977569289851,0.0388094290369757
75,1,0,1,0,-2,0.7,0,0,0,1e-14,0.001,1e+07,0,1,TRUE,TRUE,64,0.402909216200671,0.0750264962204781
75,1,0,1,0,-2,0.7,0,0,0,1e-14,0.001,1e+07,0,1,TRUE,TRUE,62,0.401082443124976,0.0612577697627229
75,1,0,1,0,-2,0.7,0,0,0,1e-14,0.001,1e+07,0,1,TRUE,TRUE,64,0.402253964375029,0.0621230134724375
75,1,0,1,0,-2,0.7,0,0,0,1e-14,0.001,1e+07,0,1,TRUE,TRUE,58,0.453933114704909,0.0676832183231013
75,1,0,1,0,-2,0.7,0,0,0,1e-14,0.001,1e+07,0,1,TRUE,TRUE,62,0.440891327140267,0.0966226932618372
75,1,0,1,0,-2,0.7,0,0,0,1e-14,0.001,1e+07,0,1,TRUE,TRUE,59,0.444724056683201,0.0829000579315689
75,1,0,1,0,-2,0.7,0,0,0,1e-14,0.001,1e+07,0,1,TRUE,TRUE,63,0.410275495063079,0.0571713005203252
75,1,0,1,0,-2,0.7,0,0,0,1e-14,0.001,1e+07,0,1,TRUE,TRUE,67,0.369124545180728,0.0405148469969524
75,1,0,1,0,-2,0.7,0,0,0,1e-14,0.001,1e+07,0,1,TRUE,TRUE,67,0.389442584497008,0.0568283932060714
75,1,0,1,0,-2,0.7,0,0,0,1e-14,0.001,1e+07,0,1,TRUE,TRUE,60,0.433461216122699,0.0678823840129635
75,1,0,1,0,-2,0.7,0,0,0,1e-14,0.001,1e+07,0,1,TRUE,TRUE,64,0.411573769055707,0.078843295740852
75,1,0,1,0,-2,0.7,0,0,0,1e-14,0.001,1e+07,0,1,TRUE,TRUE,68,0.349748706632581,0.035840371774069
75,1,0,1,0,-2,0.7,0,0,0,1e-14,0.001,1e+07,0,1,TRUE,TRUE,67,0.389394063562412,0.064414667507479
75,1,0,1,0,-2,0.7,0,0,0,1e-14,0.001,1e+07,0,1,TRUE,TRUE,63,0.406268694891936,0.0607380914322982
