"S","MuR","SigmaR","MuD","SigmaD","MuA","SigmaA","Rho","MuB","SigmaB","AbdCutoff","GrCutoff","EndTime","IniMin","IniMax","Equilibrium","Uninvasible","NumCoexist","MeanAbd","VarAbd"
100,1,0,1,0,-2,0.2,0,0,0,1e-14,0.001,1e+07,0,1,TRUE,TRUE,100,0.331982045510893,0.00547778428945122
100,1,0,1,0,-2,0.2,0,0,0,1e-14,0.001,1e+07,0,1,TRUE,TRUE,100,0.334666770332802,0.00552299067296045
100,1,0,1,0,-2,0.2,0,0,0,1e-14,0.001,1e+07,0,1,TRUE,TRUE,100,0.332669373149873,0.00362010927209086
100,1,0,1,0,-2,0.2,0,0,0,1e-14,0.001,1e+07,0,1,TRUE,TRUE,100,0.331819235262705,0.00338877300839664
100,1,0,1,0,-2,0.2,0,0,0,1e-14,0.001,1e+07,0,1,TRUE,TRUE,100,0.333073677962092,0.00530351829943227
100,1,0,1,0,-2,0.2,0,0,0,1e-14,0.001,1e+07,0,1,TRUE,TRUE,100,0.334649226524131,0.0052321772252317
100,1,0,1,0,-2,0.2,0,0,0,1e-14,0.001,1e+07,0,1,TRUE,TRUE,100,0.331073468468012,0.00484735773254192
100,1,0,1,0,-2,0.2,0,0,0,1e-14,0.001,1e+07,0,1,TRUE,TRUE,100,0.330447800118585,0.00462874342369889
100,1,0,1,0,-2,0.2,0,0,0,1e-14,0.001,1e+07,0,1,TRUE,TRUE,100,0.331205957682734,0.00474610464624208
100,1,0,1,0,-2,0.2,0,0,0,1e-14,0.001,1e+07,0,1,TRUE,TRUE,100,0.332788185277228,0.00433834489802565
100,1,0,1,0,-2,0.2,0,0,0,1e-14,0.001,1e+07,0,1,TRUE,TRUE,100,0.332703932581584,0.00321237185320213
100,1,0,1,0,-2,0.2,0,0,0,1e-14,0.001,1e+07,0,1,TRUE,TRUE,100,0.333586006904013,0.00548973133589972
100,1,0,1,0,-2,0.2,0,0,0,1e-14,0.001,1e+07,0,1,TRUE,TRUE,100,0.33084997812669,0.00544092458882392
100,1,0,1,0,-2,0.2,0,0,0,1e-14,0.001,1e+07,0,1,TRUE,TRUE,100,0.33524618012556,0.00517836121430427
100,1,0,1,0,-2,0.2,0,0,0,1e-14,0.001,1e+07,0,1,TRUE,TRUE,100,0.335400213215747,0.004322963583965
100,1,0,1,0,-2,0.2,0,0,0,1e-14,0.001,1e+07,0,1,TRUE,TRUE,100,0.334247615569233,0.0046712895652203
100,1,0,1,0,-2,0.2,0,0,0,1e-14,0.001,1e+07,0,1,TRUE,TRUE,100,0.329810285485524,0.00578863129863344
100,1,0,1,0,-2,0.2,0,0,0,1e-14,0.001,1e+07,0,1,TRUE,TRUE,100,0.332438426612299,0.00345777765506074
100,1,0,1,0,-2,0.2,0,0,0,1e-14,0.001,1e+07,0,1,TRUE,TRUE,100,0.33540785277992,0.00520271476650858
100,1,0,1,0,-2,0.2,0,0,0,1e-14,0.001,1e+07,0,1,TRUE,TRUE,100,0.330700775732379,0.00549066156065732
100,1,0,1,0,-2,0.2,0,0,0,1e-14,0.001,1e+07,0,1,TRUE,TRUE,100,0.332119293943303,0.00466057969221057
100,1,0,1,0,-2,0.2,0,0,0,1e-14,0.001,1e+07,0,1,TRUE,TRUE,100,0.330554092815691,0.00409683589878245
100,1,0,1,0,-2,0.2,0,0,0,1e-14,0.001,1e+07,0,1,TRUE,TRUE,100,0.334771510126894,0.00381402039115634
100,1,0,1,0,-2,0.2,0,0,0,1e-14,0.001,1e+07,0,1,TRUE,TRUE,100,0.330080533936379,0.00451330613459286
100,1,0,1,0,-2,0.2,0,0,0,1e-14,0.001,1e+07,0,1,TRUE,TRUE,100,0.330860298726205,0.00316005465356711
100,1,0,1,0,-2,0.2,0,0,0,1e-14,0.001,1e+07,0,1,TRUE,TRUE,100,0.337316282482412,0.00642960259826908
100,1,0,1,0,-2,0.2,0,0,0,1e-14,0.001,1e+07,0,1,TRUE,TRUE,100,0.330657044952939,0.00419494332083142
100,1,0,1,0,-2,0.2,0,0,0,1e-14,0.001,1e+07,0,1,TRUE,TRUE,100,0.332000311938164,0.00428160919455544
100,1,0,1,0,-2,0.2,0,0,0,1e-14,0.001,1e+07,0,1,TRUE,TRUE,100,0.33111561280825,0.00583439331701188
100,1,0,1,0,-2,0.2,0,0,0,1e-14,0.001,1e+07,0,1,TRUE,TRUE,100,0.333421032573902,0.00358341257559056
100,1,0,1,0,-2,0.2,0,0,0,1e-14,0.001,1e+07,0,1,TRUE,TRUE,100,0.334000413849883,0.00395190329180369
100,1,0,1,0,-2,0.2,0,0,0,1e-14,0.001,1e+07,0,1,TRUE,TRUE,100,0.33464249797703,0.00530060770454571
100,1,0,1,0,-2,0.2,0,0,0,1e-14,0.001,1e+07,0,1,TRUE,TRUE,100,0.330932023969657,0.00550873797088373
100,1,0,1,0,-2,0.2,0,0,0,1e-14,0.001,1e+07,0,1,TRUE,TRUE,100,0.332182566622071,0.00412251928762786
100,1,0,1,0,-2,0.2,0,0,0,1e-14,0.001,1e+07,0,1,TRUE,TRUE,100,0.333146745324005,0.00565298783540784
100,1,0,1,0,-2,0.2,0,0,0,1e-14,0.001,1e+07,0,1,TRUE,TRUE,100,0.333872619767105,0.00496767338985332
100,1,0,1,0,-2,0.2,0,0,0,1e-14,0.001,1e+07,0,1,TRUE,TRUE,100,0.332748233375481,0.00463690050219686
100,1,0,1,0,-2,0.2,0,0,0,1e-14,0.001,1e+07,0,1,TRUE,TRUE,100,0.336828019634934,0.00545788099041944
100,1,0,1,0,-2,0.2,0,0,0,1e-14,0.001,1e+07,0,1,TRUE,TRUE,100,0.336223819042095,0.00404971057672503
100,1,0,1,0,-2,0.2,0,0,0,1e-14,0.001,1e+07,0,1,TRUE,TRUE,100,0.334181342565819,0.00539920945042502
100,1,0,1,0,-2,0.2,0,0,0,1e-14,0.001,1e+07,0,1,TRUE,TRUE,100,0.333286757367724,0.00317476984501342
100,1,0,1,0,-2,0.2,0,0,0,1e-14,0.001,1e+07,0,1,TRUE,TRUE,100,0.333576415117752,0.00496723291482318
100,1,0,1,0,-2,0.2,0,0,0,1e-14,0.001,1e+07,0,1,TRUE,TRUE,100,0.329753152770204,0.00504638331436999
100,1,0,1,0,-2,0.2,0,0,0,1e-14,0.001,1e+07,0,1,TRUE,TRUE,100,0.332156288237119,0.00475288194307632
100,1,0,1,0,-2,0.2,0,0,0,1e-14,0.001,1e+07,0,1,TRUE,TRUE,100,0.330685064437224,0.00545020600105512
100,1,0,1,0,-2,0.2,0,0,0,1e-14,0.001,1e+07,0,1,TRUE,TRUE,100,0.330967540354091,0.00514278661101145
100,1,0,1,0,-2,0.2,0,0,0,1e-14,0.001,1e+07,0,1,TRUE,TRUE,100,0.333265594420769,0.00362776006201341
100,1,0,1,0,-2,0.2,0,0,0,1e-14,0.001,1e+07,0,1,TRUE,TRUE,100,0.334647764920359,0.00470275581117623
100,1,0,1,0,-2,0.2,0,0,0,1e-14,0.001,1e+07,0,1,TRUE,TRUE,100,0.334215145308032,0.00561427941912929
100,1,0,1,0,-2,0.2,0,0,0,1e-14,0.001,1e+07,0,1,TRUE,TRUE,100,0.335625052758075,0.00646700402405728
100,1,0,1,0,-2,0.255555555555556,0,0,0,1e-14,0.001,1e+07,0,1,TRUE,TRUE,100,0.335393383920785,0.00611271499503302
100,1,0,1,0,-2,0.255555555555556,0,0,0,1e-14,0.001,1e+07,0,1,TRUE,TRUE,100,0.335317809495311,0.0077653261461419
100,1,0,1,0,-2,0.255555555555556,0,0,0,1e-14,0.001,1e+07,0,1,TRUE,TRUE,100,0.327022063232131,0.00863995750600923
100,1,0,1,0,-2,0.255555555555556,0,0,0,1e-14,0.001,1e+07,0,1,TRUE,TRUE,100,0.3312915612183,0.00853616574657365
100,1,0,1,0,-2,0.255555555555556,0,0,0,1e-14,0.001,1e+07,0,1,TRUE,TRUE,100,0.338038507076724,0.00664594623262892
100,1,0,1,0,-2,0.255555555555556,0,0,0,1e-14,0.001,1e+07,0,1,TRUE,TRUE,100,0.334224322682348,0.00864685381801878
100,1,0,1,0,-2,0.255555555555556,0,0,0,1e-14,0.001,1e+07,0,1,TRUE,TRUE,100,0.3333173084546,0.00902460105837397
100,1,0,1,0,-2,0.255555555555556,0,0,0,1e-14,0.001,1e+07,0,1,TRUE,TRUE,100,0.333227144111544,0.00828611990575042
100,1,0,1,0,-2,0.255555555555556,0,0,0,1e-14,0.001,1e+07,0,1,TRUE,TRUE,100,0.331923791787904,0.00699585716532127
100,1,0,1,0,-2,0.255555555555556,0,0,0,1e-14,0.001,1e+07,0,1,TRUE,TRUE,100,0.331969338852358,0.00936036632827871
100,1,0,1,0,-2,0.255555555555556,0,0,0,1e-14,0.001,1e+07,0,1,TRUE,TRUE,100,0.331017359972982,0.00732263888451593
100,1,0,1,0,-2,0.255555555555556,0,0,0,1e-14,0.001,1e+07,0,1,TRUE,TRUE,100,0.330401951908651,0.0079651188188284
100,1,0,1,0,-2,0.255555555555556,0,0,0,1e-14,0.001,1e+07,0,1,TRUE,TRUE,100,0.333868131814435,0.00724899809192113
100,1,0,1,0,-2,0.255555555555556,0,0,0,1e-14,0.001,1e+07,0,1,TRUE,TRUE,100,0.328845417129525,0.00871867576719048
100,1,0,1,0,-2,0.255555555555556,0,0,0,1e-14,0.001,1e+07,0,1,TRUE,TRUE,100,0.334413124066993,0.00721246808859631
100,1,0,1,0,-2,0.255555555555556,0,0,0,1e-14,0.001,1e+07,0,1,TRUE,TRUE,100,0.331346677521884,0.00842154207350885
100,1,0,1,0,-2,0.255555555555556,0,0,0,1e-14,0.001,1e+07,0,1,TRUE,TRUE,100,0.332324280308609,0.00809602144157718
100,1,0,1,0,-2,0.255555555555556,0,0,0,1e-14,0.001,1e+07,0,1,TRUE,TRUE,100,0.332884485393645,0.00815164391161408
100,1,0,1,0,-2,0.255555555555556,0,0,0,1e-14,0.001,1e+07,0,1,TRUE,TRUE,100,0.332265904130968,0.00688235084776418
100,1,0,1,0,-2,0.255555555555556,0,0,0,1e-14,0.001,1e+07,0,1,TRUE,TRUE,100,0.333835663609812,0.0108275392334957
100,1,0,1,0,-2,0.255555555555556,0,0,0,1e-14,0.001,1e+07,0,1,TRUE,TRUE,100,0.331410953184276,0.00887540446869169
100,1,0,1,0,-2,0.255555555555556,0,0,0,1e-14,0.001,1e+07,0,1,TRUE,TRUE,100,0.334085729212199,0.00952943081233417
100,1,0,1,0,-2,0.255555555555556,0,0,0,1e-14,0.001,1e+07,0,1,TRUE,TRUE,100,0.3345039630445,0.0095255442958504
100,1,0,1,0,-2,0.255555555555556,0,0,0,1e-14,0.001,1e+07,0,1,TRUE,TRUE,100,0.330334376561476,0.00740114050524359
100,1,0,1,0,-2,0.255555555555556,0,0,0,1e-14,0.001,1e+07,0,1,TRUE,TRUE,100,0.332582877004357,0.0081811085053689
100,1,0,1,0,-2,0.255555555555556,0,0,0,1e-14,0.001,1e+07,0,1,TRUE,TRUE,100,0.335526707088082,0.00878475710377995
100,1,0,1,0,-2,0.255555555555556,0,0,0,1e-14,0.001,1e+07,0,1,TRUE,TRUE,100,0.335848888108211,0.0082201511587732
100,1,0,1,0,-2,0.255555555555556,0,0,0,1e-14,0.001,1e+07,0,1,TRUE,TRUE,100,0.331126950811598,0.00850855042799625
100,1,0,1,0,-2,0.255555555555556,0,0,0,1e-14,0.001,1e+07,0,1,TRUE,TRUE,100,0.334406268143614,0.00909833445028671
100,1,0,1,0,-2,0.255555555555556,0,0,0,1e-14,0.001,1e+07,0,1,TRUE,TRUE,100,0.338614775642499,0.00616543107921947
100,1,0,1,0,-2,0.255555555555556,0,0,0,1e-14,0.001,1e+07,0,1,TRUE,TRUE,100,0.331672967545384,0.00954703857801046
100,1,0,1,0,-2,0.255555555555556,0,0,0,1e-14,0.001,1e+07,0,1,TRUE,TRUE,100,0.333874255854436,0.00820482576631306
100,1,0,1,0,-2,0.255555555555556,0,0,0,1e-14,0.001,1e+07,0,1,TRUE,TRUE,100,0.331989837929055,0.00672699174718793
100,1,0,1,0,-2,0.255555555555556,0,0,0,1e-14,0.001,1e+07,0,1,TRUE,TRUE,100,0.334945529260289,0.00836890292892198
100,1,0,1,0,-2,0.255555555555556,0,0,0,1e-14,0.001,1e+07,0,1,TRUE,TRUE,100,0.334882581940037,0.010953163879365
100,1,0,1,0,-2,0.255555555555556,0,0,0,1e-14,0.001,1e+07,0,1,TRUE,TRUE,100,0.327060661847818,0.00853467773875365
100,1,0,1,0,-2,0.255555555555556,0,0,0,1e-14,0.001,1e+07,0,1,TRUE,TRUE,100,0.335171576560513,0.00665451078678187
100,1,0,1,0,-2,0.255555555555556,0,0,0,1e-14,0.001,1e+07,0,1,TRUE,TRUE,100,0.335585075336847,0.00802962089935369
100,1,0,1,0,-2,0.255555555555556,0,0,0,1e-14,0.001,1e+07,0,1,TRUE,TRUE,100,0.336926741655343,0.00706886355042334
100,1,0,1,0,-2,0.255555555555556,0,0,0,1e-14,0.001,1e+07,0,1,TRUE,TRUE,100,0.332190313289034,0.00735367947579588
100,1,0,1,0,-2,0.255555555555556,0,0,0,1e-14,0.001,1e+07,0,1,TRUE,TRUE,100,0.329474460355234,0.00793549927372087
100,1,0,1,0,-2,0.255555555555556,0,0,0,1e-14,0.001,1e+07,0,1,TRUE,TRUE,100,0.332132587540417,0.00756015152070064
100,1,0,1,0,-2,0.255555555555556,0,0,0,1e-14,0.001,1e+07,0,1,TRUE,TRUE,100,0.333449413818789,0.00859399861891899
100,1,0,1,0,-2,0.255555555555556,0,0,0,1e-14,0.001,1e+07,0,1,TRUE,TRUE,100,0.33456036943284,0.00696036254083349
100,1,0,1,0,-2,0.255555555555556,0,0,0,1e-14,0.001,1e+07,0,1,TRUE,TRUE,100,0.332795965438316,0.010470165869969
100,1,0,1,0,-2,0.255555555555556,0,0,0,1e-14,0.001,1e+07,0,1,TRUE,TRUE,100,0.335256252738253,0.00736135654266776
100,1,0,1,0,-2,0.255555555555556,0,0,0,1e-14,0.001,1e+07,0,1,TRUE,TRUE,100,0.334361839250606,0.00843770207212604
100,1,0,1,0,-2,0.255555555555556,0,0,0,1e-14,0.001,1e+07,0,1,TRUE,TRUE,100,0.3309088626807,0.00906005318993391
100,1,0,1,0,-2,0.255555555555556,0,0,0,1e-14,0.001,1e+07,0,1,TRUE,TRUE,100,0.332229550315299,0.00877585112110324
100,1,0,1,0,-2,0.255555555555556,0,0,0,1e-14,0.001,1e+07,0,1,TRUE,TRUE,100,0.328137736177215,0.00723318002129843
100,1,0,1,0,-2,0.311111111111111,0,0,0,1e-14,0.001,1e+07,0,1,TRUE,TRUE,100,0.330648440593406,0.0112934356310469
100,1,0,1,0,-2,0.311111111111111,0,0,0,1e-14,0.001,1e+07,0,1,TRUE,TRUE,100,0.327968993022376,0.0124310944417298
100,1,0,1,0,-2,0.311111111111111,0,0,0,1e-14,0.001,1e+07,0,1,TRUE,TRUE,100,0.337237465216015,0.0095842436376266
100,1,0,1,0,-2,0.311111111111111,0,0,0,1e-14,0.001,1e+07,0,1,TRUE,TRUE,100,0.33168319633386,0.0102495087358636
100,1,0,1,0,-2,0.311111111111111,0,0,0,1e-14,0.001,1e+07,0,1,TRUE,TRUE,100,0.335325650411974,0.0117782925925022
100,1,0,1,0,-2,0.311111111111111,0,0,0,1e-14,0.001,1e+07,0,1,TRUE,TRUE,100,0.326060843342045,0.0112924509560344
100,1,0,1,0,-2,0.311111111111111,0,0,0,1e-14,0.001,1e+07,0,1,TRUE,TRUE,100,0.332535618870874,0.0127448098359769
100,1,0,1,0,-2,0.311111111111111,0,0,0,1e-14,0.001,1e+07,0,1,TRUE,TRUE,100,0.331267077174643,0.0103822904357947
100,1,0,1,0,-2,0.311111111111111,0,0,0,1e-14,0.001,1e+07,0,1,TRUE,TRUE,100,0.33531910840455,0.0111247185747574
100,1,0,1,0,-2,0.311111111111111,0,0,0,1e-14,0.001,1e+07,0,1,TRUE,TRUE,100,0.334144664402246,0.00924900335142217
100,1,0,1,0,-2,0.311111111111111,0,0,0,1e-14,0.001,1e+07,0,1,TRUE,TRUE,100,0.33755557198564,0.0150262124630116
100,1,0,1,0,-2,0.311111111111111,0,0,0,1e-14,0.001,1e+07,0,1,TRUE,TRUE,99,0.334242292232564,0.0108712204604112
100,1,0,1,0,-2,0.311111111111111,0,0,0,1e-14,0.001,1e+07,0,1,TRUE,TRUE,99,0.340104295071893,0.00882238583005705
100,1,0,1,0,-2,0.311111111111111,0,0,0,1e-14,0.001,1e+07,0,1,TRUE,TRUE,100,0.333285987318312,0.00950611153205317
100,1,0,1,0,-2,0.311111111111111,0,0,0,1e-14,0.001,1e+07,0,1,TRUE,TRUE,100,0.334018192703258,0.0116259190729484
100,1,0,1,0,-2,0.311111111111111,0,0,0,1e-14,0.001,1e+07,0,1,TRUE,TRUE,100,0.329021721446278,0.0116335498568052
100,1,0,1,0,-2,0.311111111111111,0,0,0,1e-14,0.001,1e+07,0,1,TRUE,TRUE,99,0.335943870297253,0.0129987596465837
100,1,0,1,0,-2,0.311111111111111,0,0,0,1e-14,0.001,1e+07,0,1,TRUE,TRUE,100,0.329611798689805,0.0110983532044895
100,1,0,1,0,-2,0.311111111111111,0,0,0,1e-14,0.001,1e+07,0,1,TRUE,TRUE,100,0.331439081925581,0.0120715650430147
100,1,0,1,0,-2,0.311111111111111,0,0,0,1e-14,0.001,1e+07,0,1,TRUE,TRUE,100,0.327275944551133,0.0130657392912995
100,1,0,1,0,-2,0.311111111111111,0,0,0,1e-14,0.001,1e+07,0,1,TRUE,TRUE,100,0.331243832600317,0.0111266323269503
100,1,0,1,0,-2,0.311111111111111,0,0,0,1e-14,0.001,1e+07,0,1,TRUE,TRUE,100,0.32342825620125,0.0125794501424385
100,1,0,1,0,-2,0.311111111111111,0,0,0,1e-14,0.001,1e+07,0,1,TRUE,TRUE,100,0.340679043789836,0.0130750464203817
100,1,0,1,0,-2,0.311111111111111,0,0,0,1e-14,0.001,1e+07,0,1,TRUE,TRUE,100,0.335932885303874,0.0124776951401882
100,1,0,1,0,-2,0.311111111111111,0,0,0,1e-14,0.001,1e+07,0,1,TRUE,TRUE,100,0.333991567848919,0.0115922012320579
100,1,0,1,0,-2,0.311111111111111,0,0,0,1e-14,0.001,1e+07,0,1,TRUE,TRUE,100,0.328261626693636,0.0131213925132158
100,1,0,1,0,-2,0.311111111111111,0,0,0,1e-14,0.001,1e+07,0,1,TRUE,TRUE,100,0.32988834783528,0.00844129542986516
100,1,0,1,0,-2,0.311111111111111,0,0,0,1e-14,0.001,1e+07,0,1,TRUE,TRUE,100,0.332124301206536,0.0119714581386145
100,1,0,1,0,-2,0.311111111111111,0,0,0,1e-14,0.001,1e+07,0,1,TRUE,TRUE,100,0.327816195360795,0.0119116545317158
100,1,0,1,0,-2,0.311111111111111,0,0,0,1e-14,0.001,1e+07,0,1,TRUE,TRUE,100,0.329455235743535,0.0102033603429665
100,1,0,1,0,-2,0.311111111111111,0,0,0,1e-14,0.001,1e+07,0,1,TRUE,TRUE,100,0.334100890717893,0.0114139681180977
100,1,0,1,0,-2,0.311111111111111,0,0,0,1e-14,0.001,1e+07,0,1,TRUE,TRUE,100,0.33438893915749,0.0109860714703963
100,1,0,1,0,-2,0.311111111111111,0,0,0,1e-14,0.001,1e+07,0,1,TRUE,TRUE,100,0.339548720779241,0.00943861472033889
100,1,0,1,0,-2,0.311111111111111,0,0,0,1e-14,0.001,1e+07,0,1,TRUE,TRUE,99,0.340167994519703,0.0127770494087809
100,1,0,1,0,-2,0.311111111111111,0,0,0,1e-14,0.001,1e+07,0,1,TRUE,TRUE,100,0.332801956564078,0.0134731056431694
100,1,0,1,0,-2,0.311111111111111,0,0,0,1e-14,0.001,1e+07,0,1,TRUE,TRUE,100,0.326690029058812,0.0111033115940661
100,1,0,1,0,-2,0.311111111111111,0,0,0,1e-14,0.001,1e+07,0,1,TRUE,TRUE,100,0.338055934037546,0.0113149624783598
100,1,0,1,0,-2,0.311111111111111,0,0,0,1e-14,0.001,1e+07,0,1,TRUE,TRUE,100,0.32744301503847,0.012022293421721
100,1,0,1,0,-2,0.311111111111111,0,0,0,1e-14,0.001,1e+07,0,1,TRUE,TRUE,100,0.336122843368412,0.0119413293507398
100,1,0,1,0,-2,0.311111111111111,0,0,0,1e-14,0.001,1e+07,0,1,TRUE,TRUE,100,0.330854311182843,0.0139692692442364
100,1,0,1,0,-2,0.311111111111111,0,0,0,1e-14,0.001,1e+07,0,1,TRUE,TRUE,100,0.336594462674518,0.0122284827913051
100,1,0,1,0,-2,0.311111111111111,0,0,0,1e-14,0.001,1e+07,0,1,TRUE,TRUE,100,0.335400068325397,0.0152593365740371
100,1,0,1,0,-2,0.311111111111111,0,0,0,1e-14,0.001,1e+07,0,1,TRUE,TRUE,100,0.328146236096861,0.00975188173661692
100,1,0,1,0,-2,0.311111111111111,0,0,0,1e-14,0.001,1e+07,0,1,TRUE,TRUE,100,0.335056224153154,0.0160598226606764
100,1,0,1,0,-2,0.311111111111111,0,0,0,1e-14,0.001,1e+07,0,1,TRUE,TRUE,100,0.330343533316695,0.0130020866882409
100,1,0,1,0,-2,0.311111111111111,0,0,0,1e-14,0.001,1e+07,0,1,TRUE,TRUE,100,0.32912873974843,0.0100330829901966
100,1,0,1,0,-2,0.311111111111111,0,0,0,1e-14,0.001,1e+07,0,1,TRUE,TRUE,99,0.342055407511359,0.0123326036333142
100,1,0,1,0,-2,0.311111111111111,0,0,0,1e-14,0.001,1e+07,0,1,TRUE,TRUE,100,0.335530061448342,0.0131313540699565
100,1,0,1,0,-2,0.311111111111111,0,0,0,1e-14,0.001,1e+07,0,1,TRUE,TRUE,100,0.329624209810154,0.00997775952002355
100,1,0,1,0,-2,0.311111111111111,0,0,0,1e-14,0.001,1e+07,0,1,TRUE,TRUE,100,0.330082357735236,0.00969779179655696
100,1,0,1,0,-2,0.366666666666667,0,0,0,1e-14,0.001,1e+07,0,1,TRUE,TRUE,99,0.338029222343133,0.0169513325827328
100,1,0,1,0,-2,0.366666666666667,0,0,0,1e-14,0.001,1e+07,0,1,TRUE,TRUE,99,0.338182652325767,0.0131804893415474
100,1,0,1,0,-2,0.366666666666667,0,0,0,1e-14,0.001,1e+07,0,1,TRUE,TRUE,100,0.332286177070784,0.016383439295505
100,1,0,1,0,-2,0.366666666666667,0,0,0,1e-14,0.001,1e+07,0,1,TRUE,TRUE,100,0.337763561600247,0.0200821652028213
100,1,0,1,0,-2,0.366666666666667,0,0,0,1e-14,0.001,1e+07,0,1,TRUE,TRUE,99,0.337336267639162,0.0204800872541468
100,1,0,1,0,-2,0.366666666666667,0,0,0,1e-14,0.001,1e+07,0,1,TRUE,TRUE,100,0.336316284043208,0.0153421268008725
100,1,0,1,0,-2,0.366666666666667,0,0,0,1e-14,0.001,1e+07,0,1,TRUE,TRUE,98,0.334346210433673,0.0229287244678209
100,1,0,1,0,-2,0.366666666666667,0,0,0,1e-14,0.001,1e+07,0,1,TRUE,TRUE,100,0.337478301634374,0.0177868303944765
100,1,0,1,0,-2,0.366666666666667,0,0,0,1e-14,0.001,1e+07,0,1,TRUE,TRUE,100,0.329439657456882,0.0145536725210462
100,1,0,1,0,-2,0.366666666666667,0,0,0,1e-14,0.001,1e+07,0,1,TRUE,TRUE,100,0.33471608676153,0.0142088346751014
100,1,0,1,0,-2,0.366666666666667,0,0,0,1e-14,0.001,1e+07,0,1,TRUE,TRUE,99,0.333579647729044,0.0137939223653823
100,1,0,1,0,-2,0.366666666666667,0,0,0,1e-14,0.001,1e+07,0,1,TRUE,TRUE,100,0.330732941969324,0.0152199002585209
100,1,0,1,0,-2,0.366666666666667,0,0,0,1e-14,0.001,1e+07,0,1,TRUE,TRUE,100,0.330649357959235,0.0165681371208161
100,1,0,1,0,-2,0.366666666666667,0,0,0,1e-14,0.001,1e+07,0,1,TRUE,TRUE,100,0.327208004494859,0.0153941038007033
100,1,0,1,0,-2,0.366666666666667,0,0,0,1e-14,0.001,1e+07,0,1,TRUE,TRUE,100,0.326509766139942,0.0165203122991403
100,1,0,1,0,-2,0.366666666666667,0,0,0,1e-14,0.001,1e+07,0,1,TRUE,TRUE,98,0.338411810091569,0.0214238130847197
100,1,0,1,0,-2,0.366666666666667,0,0,0,1e-14,0.001,1e+07,0,1,TRUE,TRUE,99,0.33243622256623,0.0148271057478254
100,1,0,1,0,-2,0.366666666666667,0,0,0,1e-14,0.001,1e+07,0,1,TRUE,TRUE,99,0.333177675947983,0.0172198419504086
100,1,0,1,0,-2,0.366666666666667,0,0,0,1e-14,0.001,1e+07,0,1,TRUE,TRUE,100,0.334684140381389,0.0204364265161894
100,1,0,1,0,-2,0.366666666666667,0,0,0,1e-14,0.001,1e+07,0,1,TRUE,TRUE,100,0.327543985252438,0.0188404787607874
100,1,0,1,0,-2,0.366666666666667,0,0,0,1e-14,0.001,1e+07,0,1,TRUE,TRUE,100,0.328207994165725,0.0153134847355355
100,1,0,1,0,-2,0.366666666666667,0,0,0,1e-14,0.001,1e+07,0,1,TRUE,TRUE,100,0.329564591894055,0.0125933935281923
100,1,0,1,0,-2,0.366666666666667,0,0,0,1e-14,0.001,1e+07,0,1,TRUE,TRUE,100,0.335093978197491,0.0191788080155048
100,1,0,1,0,-2,0.366666666666667,0,0,0,1e-14,0.001,1e+07,0,1,TRUE,TRUE,98,0.331623743860426,0.0163986913950282
100,1,0,1,0,-2,0.366666666666667,0,0,0,1e-14,0.001,1e+07,0,1,TRUE,TRUE,99,0.331544804965947,0.014722402406414
100,1,0,1,0,-2,0.366666666666667,0,0,0,1e-14,0.001,1e+07,0,1,TRUE,TRUE,100,0.331378844942967,0.0160348227123849
100,1,0,1,0,-2,0.366666666666667,0,0,0,1e-14,0.001,1e+07,0,1,TRUE,TRUE,100,0.337942290197362,0.0172201579116351
100,1,0,1,0,-2,0.366666666666667,0,0,0,1e-14,0.001,1e+07,0,1,TRUE,TRUE,98,0.344579390267709,0.0207257927708157
100,1,0,1,0,-2,0.366666666666667,0,0,0,1e-14,0.001,1e+07,0,1,TRUE,TRUE,98,0.33868665969974,0.0184689134634485
100,1,0,1,0,-2,0.366666666666667,0,0,0,1e-14,0.001,1e+07,0,1,TRUE,TRUE,98,0.341980367842932,0.0158405632394293
100,1,0,1,0,-2,0.366666666666667,0,0,0,1e-14,0.001,1e+07,0,1,TRUE,TRUE,99,0.338140974172482,0.0159487549857919
100,1,0,1,0,-2,0.366666666666667,0,0,0,1e-14,0.001,1e+07,0,1,TRUE,TRUE,99,0.329597131775114,0.0150484569117045
100,1,0,1,0,-2,0.366666666666667,0,0,0,1e-14,0.001,1e+07,0,1,TRUE,TRUE,98,0.337371112969127,0.0161199498730584
100,1,0,1,0,-2,0.366666666666667,0,0,0,1e-14,0.001,1e+07,0,1,TRUE,TRUE,99,0.331384610868097,0.0181653944170013
100,1,0,1,0,-2,0.366666666666667,0,0,0,1e-14,0.001,1e+07,0,1,TRUE,TRUE,100,0.332884361848334,0.0168002330315096
100,1,0,1,0,-2,0.366666666666667,0,0,0,1e-14,0.001,1e+07,0,1,TRUE,TRUE,99,0.336934661937583,0.020109575656853
100,1,0,1,0,-2,0.366666666666667,0,0,0,1e-14,0.001,1e+07,0,1,TRUE,TRUE,100,0.330716921506569,0.0113306408654161
100,1,0,1,0,-2,0.366666666666667,0,0,0,1e-14,0.001,1e+07,0,1,TRUE,TRUE,99,0.332026671713487,0.0186172837580743
100,1,0,1,0,-2,0.366666666666667,0,0,0,1e-14,0.001,1e+07,0,1,TRUE,TRUE,99,0.336253544949753,0.0150657226786259
100,1,0,1,0,-2,0.366666666666667,0,0,0,1e-14,0.001,1e+07,0,1,TRUE,TRUE,100,0.341869913190666,0.0191339375199952
100,1,0,1,0,-2,0.366666666666667,0,0,0,1e-14,0.001,1e+07,0,1,TRUE,TRUE,99,0.328680908495262,0.0173250495022116
100,1,0,1,0,-2,0.366666666666667,0,0,0,1e-14,0.001,1e+07,0,1,TRUE,TRUE,100,0.331472522812402,0.0158404716123718
100,1,0,1,0,-2,0.366666666666667,0,0,0,1e-14,0.001,1e+07,0,1,TRUE,TRUE,100,0.337402437335831,0.0147587351686936
100,1,0,1,0,-2,0.366666666666667,0,0,0,1e-14,0.001,1e+07,0,1,TRUE,TRUE,100,0.324420819969256,0.0204148004772025
100,1,0,1,0,-2,0.366666666666667,0,0,0,1e-14,0.001,1e+07,0,1,TRUE,TRUE,100,0.338538762781273,0.0213890473755873
100,1,0,1,0,-2,0.366666666666667,0,0,0,1e-14,0.001,1e+07,0,1,TRUE,TRUE,100,0.336252032728931,0.0183153041806255
100,1,0,1,0,-2,0.366666666666667,0,0,0,1e-14,0.001,1e+07,0,1,TRUE,TRUE,100,0.330349993894157,0.0143739112481301
100,1,0,1,0,-2,0.366666666666667,0,0,0,1e-14,0.001,1e+07,0,1,TRUE,TRUE,100,0.327730635277977,0.0138444168026468
100,1,0,1,0,-2,0.366666666666667,0,0,0,1e-14,0.001,1e+07,0,1,TRUE,TRUE,100,0.326503462372016,0.0183175119128205
100,1,0,1,0,-2,0.366666666666667,0,0,0,1e-14,0.001,1e+07,0,1,TRUE,TRUE,100,0.32814110953711,0.0139497572836991
100,1,0,1,0,-2,0.422222222222222,0,0,0,1e-14,0.001,1e+07,0,1,TRUE,TRUE,98,0.343626904736951,0.0210782693692866
100,1,0,1,0,-2,0.422222222222222,0,0,0,1e-14,0.001,1e+07,0,1,TRUE,TRUE,98,0.33801286889115,0.0214915497437754
100,1,0,1,0,-2,0.422222222222222,0,0,0,1e-14,0.001,1e+07,0,1,TRUE,TRUE,99,0.335117106363735,0.0215959238107607
100,1,0,1,0,-2,0.422222222222222,0,0,0,1e-14,0.001,1e+07,0,1,TRUE,TRUE,99,0.340470798189973,0.0174159967163879
100,1,0,1,0,-2,0.422222222222222,0,0,0,1e-14,0.001,1e+07,0,1,TRUE,TRUE,100,0.330660311576276,0.0224034661313938
100,1,0,1,0,-2,0.422222222222222,0,0,0,1e-14,0.001,1e+07,0,1,TRUE,TRUE,97,0.344541172400481,0.0181447948050723
100,1,0,1,0,-2,0.422222222222222,0,0,0,1e-14,0.001,1e+07,0,1,TRUE,TRUE,99,0.338507618287245,0.0201116977095221
100,1,0,1,0,-2,0.422222222222222,0,0,0,1e-14,0.001,1e+07,0,1,TRUE,TRUE,100,0.338140826279258,0.0161132301780627
100,1,0,1,0,-2,0.422222222222222,0,0,0,1e-14,0.001,1e+07,0,1,TRUE,TRUE,99,0.344142331941683,0.022370243297561
100,1,0,1,0,-2,0.422222222222222,0,0,0,1e-14,0.001,1e+07,0,1,TRUE,TRUE,98,0.341685997226393,0.0242033082431556
100,1,0,1,0,-2,0.422222222222222,0,0,0,1e-14,0.001,1e+07,0,1,TRUE,TRUE,98,0.329239182616274,0.0277575069030303
100,1,0,1,0,-2,0.422222222222222,0,0,0,1e-14,0.001,1e+07,0,1,TRUE,TRUE,99,0.343919907514007,0.0264323118447547
100,1,0,1,0,-2,0.422222222222222,0,0,0,1e-14,0.001,1e+07,0,1,TRUE,TRUE,97,0.340482249926766,0.0212994554494503
100,1,0,1,0,-2,0.422222222222222,0,0,0,1e-14,0.001,1e+07,0,1,TRUE,TRUE,100,0.327398866174357,0.0246117535317533
100,1,0,1,0,-2,0.422222222222222,0,0,0,1e-14,0.001,1e+07,0,1,TRUE,TRUE,99,0.336238914634371,0.0242275371216137
100,1,0,1,0,-2,0.422222222222222,0,0,0,1e-14,0.001,1e+07,0,1,TRUE,TRUE,100,0.330506154801318,0.0265675319816112
100,1,0,1,0,-2,0.422222222222222,0,0,0,1e-14,0.001,1e+07,0,1,TRUE,TRUE,97,0.348464351275364,0.021548641469723
100,1,0,1,0,-2,0.422222222222222,0,0,0,1e-14,0.001,1e+07,0,1,TRUE,TRUE,98,0.337679959706978,0.0220142436008826
100,1,0,1,0,-2,0.422222222222222,0,0,0,1e-14,0.001,1e+07,0,1,TRUE,TRUE,95,0.350240299696009,0.0227225821049821
100,1,0,1,0,-2,0.422222222222222,0,0,0,1e-14,0.001,1e+07,0,1,TRUE,TRUE,99,0.335502935156317,0.0254796968299893
100,1,0,1,0,-2,0.422222222222222,0,0,0,1e-14,0.001,1e+07,0,1,TRUE,TRUE,98,0.349819865317148,0.0258002104261397
100,1,0,1,0,-2,0.422222222222222,0,0,0,1e-14,0.001,1e+07,0,1,TRUE,TRUE,96,0.345555599908561,0.0215938279165573
100,1,0,1,0,-2,0.422222222222222,0,0,0,1e-14,0.001,1e+07,0,1,TRUE,TRUE,100,0.340228529054826,0.0179249667374146
100,1,0,1,0,-2,0.422222222222222,0,0,0,1e-14,0.001,1e+07,0,1,TRUE,TRUE,100,0.345275892453231,0.0193654377158796
100,1,0,1,0,-2,0.422222222222222,0,0,0,1e-14,0.001,1e+07,0,1,TRUE,TRUE,99,0.34133453752899,0.0302235696133168
100,1,0,1,0,-2,0.422222222222222,0,0,0,1e-14,0.001,1e+07,0,1,TRUE,TRUE,98,0.341498637494247,0.0258187707641049
100,1,0,1,0,-2,0.422222222222222,0,0,0,1e-14,0.001,1e+07,0,1,TRUE,TRUE,98,0.334104313244383,0.0184033089697647
100,1,0,1,0,-2,0.422222222222222,0,0,0,1e-14,0.001,1e+07,0,1,TRUE,TRUE,100,0.334960251621774,0.0214165267795107
100,1,0,1,0,-2,0.422222222222222,0,0,0,1e-14,0.001,1e+07,0,1,TRUE,TRUE,96,0.345325853297569,0.0206791992479572
100,1,0,1,0,-2,0.422222222222222,0,0,0,1e-14,0.001,1e+07,0,1,TRUE,TRUE,98,0.346529934733834,0.0292150111468044
100,1,0,1,0,-2,0.422222222222222,0,0,0,1e-14,0.001,1e+07,0,1,TRUE,TRUE,98,0.336583384369761,0.0179775372990887
100,1,0,1,0,-2,0.422222222222222,0,0,0,1e-14,0.001,1e+07,0,1,TRUE,TRUE,98,0.335665493649075,0.0204966511112173
100,1,0,1,0,-2,0.422222222222222,0,0,0,1e-14,0.001,1e+07,0,1,TRUE,TRUE,96,0.348580639913677,0.0272562554209044
100,1,0,1,0,-2,0.422222222222222,0,0,0,1e-14,0.001,1e+07,0,1,TRUE,TRUE,98,0.34333962087042,0.0242249500284179
100,1,0,1,0,-2,0.422222222222222,0,0,0,1e-14,0.001,1e+07,0,1,TRUE,TRUE,94,0.351771531997984,0.0237870211245224
100,1,0,1,0,-2,0.422222222222222,0,0,0,1e-14,0.001,1e+07,0,1,TRUE,TRUE,98,0.342169814786196,0.0225372566275897
100,1,0,1,0,-2,0.422222222222222,0,0,0,1e-14,0.001,1e+07,0,1,TRUE,TRUE,97,0.3391785355183,0.0218312350699818
100,1,0,1,0,-2,0.422222222222222,0,0,0,1e-14,0.001,1e+07,0,1,TRUE,TRUE,97,0.343758870738536,0.0236466324467033
100,1,0,1,0,-2,0.422222222222222,0,0,0,1e-14,0.001,1e+07,0,1,TRUE,TRUE,97,0.341872252707462,0.020386419293668
100,1,0,1,0,-2,0.422222222222222,0,0,0,1e-14,0.001,1e+07,0,1,TRUE,TRUE,99,0.333302404664561,0.0167445748357072
100,1,0,1,0,-2,0.422222222222222,0,0,0,1e-14,0.001,1e+07,0,1,TRUE,TRUE,98,0.339572296940855,0.0192162927197592
100,1,0,1,0,-2,0.422222222222222,0,0,0,1e-14,0.001,1e+07,0,1,TRUE,TRUE,96,0.352128227030001,0.0195065010731497
100,1,0,1,0,-2,0.422222222222222,0,0,0,1e-14,0.001,1e+07,0,1,TRUE,TRUE,99,0.345598969928448,0.018868045565398
100,1,0,1,0,-2,0.422222222222222,0,0,0,1e-14,0.001,1e+07,0,1,TRUE,TRUE,98,0.33880340464345,0.0215703712281556
100,1,0,1,0,-2,0.422222222222222,0,0,0,1e-14,0.001,1e+07,0,1,TRUE,TRUE,100,0.336500287743129,0.0256459698003136
100,1,0,1,0,-2,0.422222222222222,0,0,0,1e-14,0.001,1e+07,0,1,TRUE,TRUE,98,0.340163429180711,0.021565005536924
100,1,0,1,0,-2,0.422222222222222,0,0,0,1e-14,0.001,1e+07,0,1,TRUE,TRUE,100,0.335492074996482,0.0238982832859949
100,1,0,1,0,-2,0.422222222222222,0,0,0,1e-14,0.001,1e+07,0,1,TRUE,TRUE,100,0.334767437763619,0.0201425691981439
100,1,0,1,0,-2,0.422222222222222,0,0,0,1e-14,0.001,1e+07,0,1,TRUE,TRUE,98,0.336458328536236,0.0289134398781212
100,1,0,1,0,-2,0.422222222222222,0,0,0,1e-14,0.001,1e+07,0,1,TRUE,TRUE,100,0.335189089924972,0.0197080027009904
100,1,0,1,0,-2,0.477777777777778,0,0,0,1e-14,0.001,1e+07,0,1,TRUE,TRUE,92,0.35971903708336,0.0341729452596093
100,1,0,1,0,-2,0.477777777777778,0,0,0,1e-14,0.001,1e+07,0,1,TRUE,TRUE,94,0.355511792107928,0.0303871026794327
100,1,0,1,0,-2,0.477777777777778,0,0,0,1e-14,0.001,1e+07,0,1,TRUE,TRUE,100,0.321352209713833,0.0199918434656894
100,1,0,1,0,-2,0.477777777777778,0,0,0,1e-14,0.001,1e+07,0,1,TRUE,TRUE,99,0.347550069635465,0.0271183919010536
100,1,0,1,0,-2,0.477777777777778,0,0,0,1e-14,0.001,1e+07,0,1,TRUE,TRUE,98,0.353888346109153,0.0271543959744385
100,1,0,1,0,-2,0.477777777777778,0,0,0,1e-14,0.001,1e+07,0,1,TRUE,TRUE,93,0.358568972720655,0.0291526189085614
100,1,0,1,0,-2,0.477777777777778,0,0,0,1e-14,0.001,1e+07,0,1,TRUE,TRUE,97,0.338911726553499,0.0239074362287829
100,1,0,1,0,-2,0.477777777777778,0,0,0,1e-14,0.001,1e+07,0,1,TRUE,TRUE,98,0.335669798866438,0.023852642594046
100,1,0,1,0,-2,0.477777777777778,0,0,0,1e-14,0.001,1e+07,0,1,TRUE,TRUE,95,0.346893481441144,0.0245983453490254
100,1,0,1,0,-2,0.477777777777778,0,0,0,1e-14,0.001,1e+07,0,1,TRUE,TRUE,97,0.34839980003784,0.020859832208296
100,1,0,1,0,-2,0.477777777777778,0,0,0,1e-14,0.001,1e+07,0,1,TRUE,TRUE,96,0.352760185239477,0.0266216572016917
100,1,0,1,0,-2,0.477777777777778,0,0,0,1e-14,0.001,1e+07,0,1,TRUE,TRUE,99,0.332678381016764,0.0293030447334632
100,1,0,1,0,-2,0.477777777777778,0,0,0,1e-14,0.001,1e+07,0,1,TRUE,TRUE,95,0.348625287825161,0.0248062987843982
100,1,0,1,0,-2,0.477777777777778,0,0,0,1e-14,0.001,1e+07,0,1,TRUE,TRUE,98,0.3379480965804,0.02734330147049
100,1,0,1,0,-2,0.477777777777778,0,0,0,1e-14,0.001,1e+07,0,1,TRUE,TRUE,97,0.359572530243527,0.0274806008613714
100,1,0,1,0,-2,0.477777777777778,0,0,0,1e-14,0.001,1e+07,0,1,TRUE,TRUE,97,0.34128295430715,0.0339470865659625
100,1,0,1,0,-2,0.477777777777778,0,0,0,1e-14,0.001,1e+07,0,1,TRUE,TRUE,97,0.341390199740491,0.0253970484860958
100,1,0,1,0,-2,0.477777777777778,0,0,0,1e-14,0.001,1e+07,0,1,TRUE,TRUE,98,0.332155957609602,0.0341438277976756
100,1,0,1,0,-2,0.477777777777778,0,0,0,1e-14,0.001,1e+07,0,1,TRUE,TRUE,95,0.353761461048864,0.0321359527461861
100,1,0,1,0,-2,0.477777777777778,0,0,0,1e-14,0.001,1e+07,0,1,TRUE,TRUE,97,0.345822010799989,0.0242346978528517
100,1,0,1,0,-2,0.477777777777778,0,0,0,1e-14,0.001,1e+07,0,1,TRUE,TRUE,99,0.333655550620356,0.0266239833012411
100,1,0,1,0,-2,0.477777777777778,0,0,0,1e-14,0.001,1e+07,0,1,TRUE,TRUE,96,0.337775284127265,0.0280890700723186
100,1,0,1,0,-2,0.477777777777778,0,0,0,1e-14,0.001,1e+07,0,1,TRUE,TRUE,95,0.342849989715783,0.0246097638556221
100,1,0,1,0,-2,0.477777777777778,0,0,0,1e-14,0.001,1e+07,0,1,TRUE,TRUE,96,0.337469372215613,0.032573829587019
100,1,0,1,0,-2,0.477777777777778,0,0,0,1e-14,0.001,1e+07,0,1,TRUE,TRUE,92,0.371333870951446,0.028659276156902
100,1,0,1,0,-2,0.477777777777778,0,0,0,1e-14,0.001,1e+07,0,1,TRUE,TRUE,96,0.355208187069347,0.0335767296314373
100,1,0,1,0,-2,0.477777777777778,0,0,0,1e-14,0.001,1e+07,0,1,TRUE,TRUE,96,0.340814709233339,0.0332442115804425
100,1,0,1,0,-2,0.477777777777778,0,0,0,1e-14,0.001,1e+07,0,1,TRUE,TRUE,94,0.360477999755344,0.0401451877314894
100,1,0,1,0,-2,0.477777777777778,0,0,0,1e-14,0.001,1e+07,0,1,TRUE,TRUE,98,0.33765137927049,0.0245485334394065
100,1,0,1,0,-2,0.477777777777778,0,0,0,1e-14,0.001,1e+07,0,1,TRUE,TRUE,100,0.330109376492736,0.0325088054319221
100,1,0,1,0,-2,0.477777777777778,0,0,0,1e-14,0.001,1e+07,0,1,TRUE,TRUE,97,0.344237717331311,0.0214105725334418
100,1,0,1,0,-2,0.477777777777778,0,0,0,1e-14,0.001,1e+07,0,1,TRUE,TRUE,98,0.338245627871565,0.0337494308955985
100,1,0,1,0,-2,0.477777777777778,0,0,0,1e-14,0.001,1e+07,0,1,TRUE,TRUE,97,0.339588252774529,0.0253596490474102
100,1,0,1,0,-2,0.477777777777778,0,0,0,1e-14,0.001,1e+07,0,1,TRUE,TRUE,98,0.344943864961246,0.0207882480705374
100,1,0,1,0,-2,0.477777777777778,0,0,0,1e-14,0.001,1e+07,0,1,TRUE,TRUE,97,0.348736879571641,0.0242095452665234
100,1,0,1,0,-2,0.477777777777778,0,0,0,1e-14,0.001,1e+07,0,1,TRUE,TRUE,98,0.353017429164346,0.0290097030809409
100,1,0,1,0,-2,0.477777777777778,0,0,0,1e-14,0.001,1e+07,0,1,TRUE,TRUE,95,0.349165020875948,0.0254802034169726
100,1,0,1,0,-2,0.477777777777778,0,0,0,1e-14,0.001,1e+07,0,1,TRUE,TRUE,96,0.348671481253615,0.0328385844221189
100,1,0,1,0,-2,0.477777777777778,0,0,0,1e-14,0.001,1e+07,0,1,TRUE,TRUE,94,0.357002169909185,0.0293461820366953
100,1,0,1,0,-2,0.477777777777778,0,0,0,1e-14,0.001,1e+07,0,1,TRUE,TRUE,97,0.34252189948291,0.024325897034183
100,1,0,1,0,-2,0.477777777777778,0,0,0,1e-14,0.001,1e+07,0,1,TRUE,TRUE,100,0.344121646073941,0.0300816207588167
100,1,0,1,0,-2,0.477777777777778,0,0,0,1e-14,0.001,1e+07,0,1,TRUE,TRUE,96,0.347208923799319,0.0259418648371837
100,1,0,1,0,-2,0.477777777777778,0,0,0,1e-14,0.001,1e+07,0,1,TRUE,TRUE,96,0.347818707825416,0.0527636170636924
100,1,0,1,0,-2,0.477777777777778,0,0,0,1e-14,0.001,1e+07,0,1,TRUE,TRUE,96,0.357604461140377,0.0241701762233393
100,1,0,1,0,-2,0.477777777777778,0,0,0,1e-14,0.001,1e+07,0,1,TRUE,TRUE,98,0.340026610915661,0.0203048312956494
100,1,0,1,0,-2,0.477777777777778,0,0,0,1e-14,0.001,1e+07,0,1,TRUE,TRUE,99,0.351586301814771,0.0239002593362406
100,1,0,1,0,-2,0.477777777777778,0,0,0,1e-14,0.001,1e+07,0,1,TRUE,TRUE,99,0.332119046773279,0.030911776899632
100,1,0,1,0,-2,0.477777777777778,0,0,0,1e-14,0.001,1e+07,0,1,TRUE,TRUE,95,0.340399021600755,0.0296628560919154
100,1,0,1,0,-2,0.477777777777778,0,0,0,1e-14,0.001,1e+07,0,1,TRUE,TRUE,98,0.338877844328839,0.0314768612096832
100,1,0,1,0,-2,0.477777777777778,0,0,0,1e-14,0.001,1e+07,0,1,TRUE,TRUE,95,0.352963813686331,0.0427682162038028
100,1,0,1,0,-2,0.533333333333333,0,0,0,1e-14,0.001,1e+07,0,1,TRUE,TRUE,95,0.34812323747796,0.0252760384187183
100,1,0,1,0,-2,0.533333333333333,0,0,0,1e-14,0.001,1e+07,0,1,TRUE,TRUE,93,0.344909540540589,0.0274617478809907
100,1,0,1,0,-2,0.533333333333333,0,0,0,1e-14,0.001,1e+07,0,1,TRUE,TRUE,91,0.365851835515683,0.0379839095413958
100,1,0,1,0,-2,0.533333333333333,0,0,0,1e-14,0.001,1e+07,0,1,TRUE,TRUE,95,0.355046805578273,0.0416148143681985
100,1,0,1,0,-2,0.533333333333333,0,0,0,1e-14,0.001,1e+07,0,1,TRUE,TRUE,92,0.363004655669332,0.0410948935499252
100,1,0,1,0,-2,0.533333333333333,0,0,0,1e-14,0.001,1e+07,0,1,TRUE,TRUE,96,0.358092198221279,0.0528899696132188
100,1,0,1,0,-2,0.533333333333333,0,0,0,1e-14,0.001,1e+07,0,1,TRUE,TRUE,94,0.352640454821102,0.0399112596551519
100,1,0,1,0,-2,0.533333333333333,0,0,0,1e-14,0.001,1e+07,0,1,TRUE,TRUE,94,0.338768711144944,0.0281557960531286
100,1,0,1,0,-2,0.533333333333333,0,0,0,1e-14,0.001,1e+07,0,1,TRUE,TRUE,90,0.383931284264003,0.0463138645603248
100,1,0,1,0,-2,0.533333333333333,0,0,0,1e-14,0.001,1e+07,0,1,TRUE,TRUE,93,0.34977545355727,0.0303349283977805
100,1,0,1,0,-2,0.533333333333333,0,0,0,1e-14,0.001,1e+07,0,1,TRUE,TRUE,92,0.368186376676469,0.0398862846251595
100,1,0,1,0,-2,0.533333333333333,0,0,0,1e-14,0.001,1e+07,0,1,TRUE,TRUE,98,0.345675772568321,0.0301812373320723
100,1,0,1,0,-2,0.533333333333333,0,0,0,1e-14,0.001,1e+07,0,1,TRUE,TRUE,91,0.365426174457206,0.0330953240642395
100,1,0,1,0,-2,0.533333333333333,0,0,0,1e-14,0.001,1e+07,0,1,TRUE,TRUE,96,0.35468376885133,0.0333718458786084
100,1,0,1,0,-2,0.533333333333333,0,0,0,1e-14,0.001,1e+07,0,1,TRUE,TRUE,92,0.377515869544239,0.0346410597676218
100,1,0,1,0,-2,0.533333333333333,0,0,0,1e-14,0.001,1e+07,0,1,TRUE,TRUE,97,0.344691565093486,0.0355562384134169
100,1,0,1,0,-2,0.533333333333333,0,0,0,1e-14,0.001,1e+07,0,1,TRUE,TRUE,94,0.352748191620875,0.0336060456926216
100,1,0,1,0,-2,0.533333333333333,0,0,0,1e-14,0.001,1e+07,0,1,TRUE,TRUE,96,0.349263982425143,0.0296915540225334
100,1,0,1,0,-2,0.533333333333333,0,0,0,1e-14,0.001,1e+07,0,1,TRUE,TRUE,96,0.357291006052219,0.0323825520093086
100,1,0,1,0,-2,0.533333333333333,0,0,0,1e-14,0.001,1e+07,0,1,TRUE,TRUE,96,0.354826315873046,0.029919918305849
100,1,0,1,0,-2,0.533333333333333,0,0,0,1e-14,0.001,1e+07,0,1,TRUE,TRUE,94,0.351165481474735,0.0424120363288326
100,1,0,1,0,-2,0.533333333333333,0,0,0,1e-14,0.001,1e+07,0,1,TRUE,TRUE,92,0.375232826923464,0.0417990379908352
100,1,0,1,0,-2,0.533333333333333,0,0,0,1e-14,0.001,1e+07,0,1,TRUE,TRUE,97,0.344317591658832,0.0323273329866263
100,1,0,1,0,-2,0.533333333333333,0,0,0,1e-14,0.001,1e+07,0,1,TRUE,TRUE,98,0.341012195162796,0.0278167086968404
100,1,0,1,0,-2,0.533333333333333,0,0,0,1e-14,0.001,1e+07,0,1,TRUE,TRUE,97,0.34237894354525,0.0305409772050729
100,1,0,1,0,-2,0.533333333333333,0,0,0,1e-14,0.001,1e+07,0,1,TRUE,TRUE,93,0.364884956004644,0.0320602972087289
100,1,0,1,0,-2,0.533333333333333,0,0,0,1e-14,0.001,1e+07,0,1,TRUE,TRUE,94,0.371951662474989,0.0414917304165912
100,1,0,1,0,-2,0.533333333333333,0,0,0,1e-14,0.001,1e+07,0,1,TRUE,TRUE,91,0.37988776784367,0.0392040752285679
100,1,0,1,0,-2,0.533333333333333,0,0,0,1e-14,0.001,1e+07,0,1,TRUE,TRUE,94,0.354617047867144,0.0277062129441541
100,1,0,1,0,-2,0.533333333333333,0,0,0,1e-14,0.001,1e+07,0,1,TRUE,TRUE,98,0.335100704908322,0.0299590666845307
100,1,0,1,0,-2,0.533333333333333,0,0,0,1e-14,0.001,1e+07,0,1,TRUE,TRUE,91,0.355434989627573,0.0333505152379993
100,1,0,1,0,-2,0.533333333333333,0,0,0,1e-14,0.001,1e+07,0,1,TRUE,TRUE,94,0.353219390579744,0.0309424092062864
100,1,0,1,0,-2,0.533333333333333,0,0,0,1e-14,0.001,1e+07,0,1,TRUE,TRUE,90,0.371185331385504,0.0341275421841383
100,1,0,1,0,-2,0.533333333333333,0,0,0,1e-14,0.001,1e+07,0,1,TRUE,TRUE,92,0.352493310268271,0.040151225265881
100,1,0,1,0,-2,0.533333333333333,0,0,0,1e-14,0.001,1e+07,0,1,TRUE,TRUE,96,0.351015056926368,0.0316774908776869
100,1,0,1,0,-2,0.533333333333333,0,0,0,1e-14,0.001,1e+07,0,1,TRUE,TRUE,95,0.353655352929637,0.0374326113038836
100,1,0,1,0,-2,0.533333333333333,0,0,0,1e-14,0.001,1e+07,0,1,TRUE,TRUE,93,0.364002498026465,0.0384375292081998
100,1,0,1,0,-2,0.533333333333333,0,0,0,1e-14,0.001,1e+07,0,1,TRUE,TRUE,94,0.365440032650861,0.035964220102623
100,1,0,1,0,-2,0.533333333333333,0,0,0,1e-14,0.001,1e+07,0,1,TRUE,TRUE,99,0.332249573752058,0.038128325887356
100,1,0,1,0,-2,0.533333333333333,0,0,0,1e-14,0.001,1e+07,0,1,TRUE,TRUE,92,0.367076768652077,0.0345078717993237
100,1,0,1,0,-2,0.533333333333333,0,0,0,1e-14,0.001,1e+07,0,1,TRUE,TRUE,96,0.349078269500378,0.0246078691986406
100,1,0,1,0,-2,0.533333333333333,0,0,0,1e-14,0.001,1e+07,0,1,TRUE,TRUE,93,0.359583748375193,0.048436061187261
100,1,0,1,0,-2,0.533333333333333,0,0,0,1e-14,0.001,1e+07,0,1,TRUE,TRUE,94,0.362552329407415,0.0353844206901119
100,1,0,1,0,-2,0.533333333333333,0,0,0,1e-14,0.001,1e+07,0,1,TRUE,TRUE,94,0.346807640684766,0.0340875322811566
100,1,0,1,0,-2,0.533333333333333,0,0,0,1e-14,0.001,1e+07,0,1,TRUE,TRUE,89,0.380964226328982,0.0356849200935602
100,1,0,1,0,-2,0.533333333333333,0,0,0,1e-14,0.001,1e+07,0,1,TRUE,TRUE,96,0.344765584649955,0.0360567197152459
100,1,0,1,0,-2,0.533333333333333,0,0,0,1e-14,0.001,1e+07,0,1,TRUE,TRUE,94,0.370588172071783,0.032130181815861
100,1,0,1,0,-2,0.533333333333333,0,0,0,1e-14,0.001,1e+07,0,1,TRUE,TRUE,94,0.362179658344952,0.0262437381599768
100,1,0,1,0,-2,0.533333333333333,0,0,0,1e-14,0.001,1e+07,0,1,TRUE,TRUE,88,0.380223016142905,0.0475309274164901
100,1,0,1,0,-2,0.533333333333333,0,0,0,1e-14,0.001,1e+07,0,1,TRUE,TRUE,97,0.339503930377943,0.0257958723899508
100,1,0,1,0,-2,0.588888888888889,0,0,0,1e-14,0.001,1e+07,0,1,TRUE,TRUE,91,0.371697766331694,0.0392049279685728
100,1,0,1,0,-2,0.588888888888889,0,0,0,1e-14,0.001,1e+07,0,1,TRUE,TRUE,91,0.36316334073096,0.0315937470421571
100,1,0,1,0,-2,0.588888888888889,0,0,0,1e-14,0.001,1e+07,0,1,TRUE,TRUE,89,0.384862727704732,0.0558672130652909
100,1,0,1,0,-2,0.588888888888889,0,0,0,1e-14,0.001,1e+07,0,1,TRUE,TRUE,87,0.370698670815042,0.0448907195319599
100,1,0,1,0,-2,0.588888888888889,0,0,0,1e-14,0.001,1e+07,0,1,TRUE,TRUE,88,0.386106440021823,0.042551878465649
100,1,0,1,0,-2,0.588888888888889,0,0,0,1e-14,0.001,1e+07,0,1,TRUE,TRUE,89,0.400653342433845,0.0567291798145736
100,1,0,1,0,-2,0.588888888888889,0,0,0,1e-14,0.001,1e+07,0,1,TRUE,TRUE,94,0.366909573690472,0.0416748559946658
100,1,0,1,0,-2,0.588888888888889,0,0,0,1e-14,0.001,1e+07,0,1,TRUE,TRUE,91,0.363516750038756,0.0424140305971845
100,1,0,1,0,-2,0.588888888888889,0,0,0,1e-14,0.001,1e+07,0,1,TRUE,TRUE,86,0.389969227949227,0.0417716532630032
100,1,0,1,0,-2,0.588888888888889,0,0,0,1e-14,0.001,1e+07,0,1,TRUE,TRUE,95,0.358651167400741,0.033376027070845
100,1,0,1,0,-2,0.588888888888889,0,0,0,1e-14,0.001,1e+07,0,1,TRUE,TRUE,87,0.403037590132229,0.0631440528890849
100,1,0,1,0,-2,0.588888888888889,0,0,0,1e-14,0.001,1e+07,0,1,TRUE,TRUE,85,0.393997937439568,0.0416156949196255
100,1,0,1,0,-2,0.588888888888889,0,0,0,1e-14,0.001,1e+07,0,1,TRUE,TRUE,89,0.379099188760442,0.0359204013544925
100,1,0,1,0,-2,0.588888888888889,0,0,0,1e-14,0.001,1e+07,0,1,TRUE,TRUE,89,0.368631525634749,0.0477966170864354
100,1,0,1,0,-2,0.588888888888889,0,0,0,1e-14,0.001,1e+07,0,1,TRUE,TRUE,91,0.379993143206499,0.0362349341024782
100,1,0,1,0,-2,0.588888888888889,0,0,0,1e-14,0.001,1e+07,0,1,TRUE,TRUE,93,0.347295643175205,0.0430200925713119
100,1,0,1,0,-2,0.588888888888889,0,0,0,1e-14,0.001,1e+07,0,1,TRUE,TRUE,89,0.37517967362785,0.0496933958295641
100,1,0,1,0,-2,0.588888888888889,0,0,0,1e-14,0.001,1e+07,0,1,TRUE,TRUE,94,0.372764830943145,0.0469281026994027
100,1,0,1,0,-2,0.588888888888889,0,0,0,1e-14,0.001,1e+07,0,1,TRUE,TRUE,93,0.361773492287424,0.0407577877711282
100,1,0,1,0,-2,0.588888888888889,0,0,0,1e-14,0.001,1e+07,0,1,TRUE,TRUE,89,0.385671303619811,0.041169856162933
100,1,0,1,0,-2,0.588888888888889,0,0,0,1e-14,0.001,1e+07,0,1,TRUE,TRUE,90,0.371628760467772,0.0464285938470942
100,1,0,1,0,-2,0.588888888888889,0,0,0,1e-14,0.001,1e+07,0,1,TRUE,TRUE,98,0.33833141647421,0.0326210660821933
100,1,0,1,0,-2,0.588888888888889,0,0,0,1e-14,0.001,1e+07,0,1,TRUE,TRUE,96,0.346853024035736,0.050863040926896
100,1,0,1,0,-2,0.588888888888889,0,0,0,1e-14,0.001,1e+07,0,1,TRUE,TRUE,94,0.368584434967126,0.041082894331497
100,1,0,1,0,-2,0.588888888888889,0,0,0,1e-14,0.001,1e+07,0,1,TRUE,TRUE,91,0.372425079245551,0.0429979308903684
100,1,0,1,0,-2,0.588888888888889,0,0,0,1e-14,0.001,1e+07,0,1,TRUE,TRUE,92,0.372948469900907,0.045555803210035
100,1,0,1,0,-2,0.588888888888889,0,0,0,1e-14,0.001,1e+07,0,1,TRUE,TRUE,94,0.34551238371688,0.0344558800165446
100,1,0,1,0,-2,0.588888888888889,0,0,0,1e-14,0.001,1e+07,0,1,TRUE,TRUE,89,0.367865621626036,0.043660274471783
100,1,0,1,0,-2,0.588888888888889,0,0,0,1e-14,0.001,1e+07,0,1,TRUE,TRUE,92,0.383339181161074,0.0570476365560087
100,1,0,1,0,-2,0.588888888888889,0,0,0,1e-14,0.001,1e+07,0,1,TRUE,TRUE,89,0.381115456364394,0.040545537647795
100,1,0,1,0,-2,0.588888888888889,0,0,0,1e-14,0.001,1e+07,0,1,TRUE,TRUE,93,0.380292425243037,0.0437865860909597
100,1,0,1,0,-2,0.588888888888889,0,0,0,1e-14,0.001,1e+07,0,1,TRUE,TRUE,88,0.385163698036596,0.0476815239224121
100,1,0,1,0,-2,0.588888888888889,0,0,0,1e-14,0.001,1e+07,0,1,TRUE,TRUE,91,0.36490849516247,0.0381359583728764
100,1,0,1,0,-2,0.588888888888889,0,0,0,1e-14,0.001,1e+07,0,1,TRUE,TRUE,94,0.339804644087864,0.0264212632832006
100,1,0,1,0,-2,0.588888888888889,0,0,0,1e-14,0.001,1e+07,0,1,TRUE,TRUE,91,0.370038949567292,0.0352052985685746
100,1,0,1,0,-2,0.588888888888889,0,0,0,1e-14,0.001,1e+07,0,1,TRUE,TRUE,91,0.362843440068793,0.0493737413672592
100,1,0,1,0,-2,0.588888888888889,0,0,0,1e-14,0.001,1e+07,0,1,TRUE,TRUE,92,0.351750618477352,0.0323377239771543
100,1,0,1,0,-2,0.588888888888889,0,0,0,1e-14,0.001,1e+07,0,1,TRUE,TRUE,89,0.378680658646335,0.0544541596979802
100,1,0,1,0,-2,0.588888888888889,0,0,0,1e-14,0.001,1e+07,0,1,TRUE,TRUE,86,0.402886661746493,0.0668584405594569
100,1,0,1,0,-2,0.588888888888889,0,0,0,1e-14,0.001,1e+07,0,1,TRUE,TRUE,94,0.355420348750373,0.0363643513020969
100,1,0,1,0,-2,0.588888888888889,0,0,0,1e-14,0.001,1e+07,0,1,TRUE,TRUE,96,0.339778487528261,0.0391156816361328
100,1,0,1,0,-2,0.588888888888889,0,0,0,1e-14,0.001,1e+07,0,1,TRUE,TRUE,90,0.363967429961805,0.0463767235814527
100,1,0,1,0,-2,0.588888888888889,0,0,0,1e-14,0.001,1e+07,0,1,TRUE,TRUE,87,0.393941106147639,0.0493276484813992
100,1,0,1,0,-2,0.588888888888889,0,0,0,1e-14,0.001,1e+07,0,1,TRUE,TRUE,90,0.39025932419804,0.0363575120118566
100,1,0,1,0,-2,0.588888888888889,0,0,0,1e-14,0.001,1e+07,0,1,TRUE,TRUE,91,0.362112312454829,0.0296210807637574
100,1,0,1,0,-2,0.588888888888889,0,0,0,1e-14,0.001,1e+07,0,1,TRUE,TRUE,91,0.374305331992837,0.0311383669103627
100,1,0,1,0,-2,0.588888888888889,0,0,0,1e-14,0.001,1e+07,0,1,TRUE,TRUE,88,0.385648586968979,0.0348519719348348
100,1,0,1,0,-2,0.588888888888889,0,0,0,1e-14,0.001,1e+07,0,1,TRUE,TRUE,90,0.365004668469742,0.0484898233911221
100,1,0,1,0,-2,0.588888888888889,0,0,0,1e-14,0.001,1e+07,0,1,TRUE,TRUE,91,0.367848349560945,0.0423209329237293
100,1,0,1,0,-2,0.588888888888889,0,0,0,1e-14,0.001,1e+07,0,1,TRUE,TRUE,92,0.350312294320051,0.0428144203219223
100,1,0,1,0,-2,0.644444444444444,0,0,0,1e-14,0.001,1e+07,0,1,TRUE,TRUE,88,0.374751383434633,0.0515396529906591
100,1,0,1,0,-2,0.644444444444444,0,0,0,1e-14,0.001,1e+07,0,1,TRUE,TRUE,89,0.380753131149334,0.0504060799771925
100,1,0,1,0,-2,0.644444444444444,0,0,0,1e-14,0.001,1e+07,0,1,TRUE,TRUE,93,0.368941685127781,0.0524841616292124
100,1,0,1,0,-2,0.644444444444444,0,0,0,1e-14,0.001,1e+07,0,1,TRUE,TRUE,83,0.416506739984759,0.0399084509143638
100,1,0,1,0,-2,0.644444444444444,0,0,0,1e-14,0.001,1e+07,0,1,TRUE,TRUE,89,0.386375437746935,0.0521493858164481
100,1,0,1,0,-2,0.644444444444444,0,0,0,1e-14,0.001,1e+07,0,1,TRUE,TRUE,87,0.387704327515708,0.0494193964986175
100,1,0,1,0,-2,0.644444444444444,0,0,0,1e-14,0.001,1e+07,0,1,TRUE,TRUE,92,0.379713073014312,0.0471610223142158
100,1,0,1,0,-2,0.644444444444444,0,0,0,1e-14,0.001,1e+07,0,1,TRUE,TRUE,85,0.416376316635267,0.0463398507273329
100,1,0,1,0,-2,0.644444444444444,0,0,0,1e-14,0.001,1e+07,0,1,TRUE,TRUE,88,0.374019838317514,0.0506968274435081
100,1,0,1,0,-2,0.644444444444444,0,0,0,1e-14,0.001,1e+07,0,1,TRUE,TRUE,89,0.362667269560982,0.0486361290673592
100,1,0,1,0,-2,0.644444444444444,0,0,0,1e-14,0.001,1e+07,0,1,TRUE,TRUE,87,0.38575593024193,0.0459971659174893
100,1,0,1,0,-2,0.644444444444444,0,0,0,1e-14,0.001,1e+07,0,1,TRUE,TRUE,84,0.391656245575069,0.051981475117417
100,1,0,1,0,-2,0.644444444444444,0,0,0,1e-14,0.001,1e+07,0,1,TRUE,TRUE,86,0.408099699981868,0.0477619969451806
100,1,0,1,0,-2,0.644444444444444,0,0,0,1e-14,0.001,1e+07,0,1,TRUE,TRUE,85,0.407955405385666,0.0571872314104525
100,1,0,1,0,-2,0.644444444444444,0,0,0,1e-14,0.001,1e+07,0,1,TRUE,TRUE,90,0.384148506824134,0.0502980181141152
100,1,0,1,0,-2,0.644444444444444,0,0,0,1e-14,0.001,1e+07,0,1,TRUE,TRUE,91,0.37557702596088,0.0448665496460292
100,1,0,1,0,-2,0.644444444444444,0,0,0,1e-14,0.001,1e+07,0,1,TRUE,TRUE,82,0.400683480675809,0.0554030399816782
100,1,0,1,0,-2,0.644444444444444,0,0,0,1e-14,0.001,1e+07,0,1,TRUE,TRUE,90,0.35725223171741,0.0398664410018326
100,1,0,1,0,-2,0.644444444444444,0,0,0,1e-14,0.001,1e+07,0,1,TRUE,TRUE,85,0.414280739174688,0.0647711262483506
100,1,0,1,0,-2,0.644444444444444,0,0,0,1e-14,0.001,1e+07,0,1,TRUE,TRUE,82,0.426062726710897,0.0564071514131673
100,1,0,1,0,-2,0.644444444444444,0,0,0,1e-14,0.001,1e+07,0,1,TRUE,TRUE,86,0.399177941360628,0.0721192344224082
100,1,0,1,0,-2,0.644444444444444,0,0,0,1e-14,0.001,1e+07,0,1,TRUE,TRUE,87,0.386696812329945,0.0485302756825468
100,1,0,1,0,-2,0.644444444444444,0,0,0,1e-14,0.001,1e+07,0,1,TRUE,TRUE,89,0.382172015541885,0.0487702366054585
100,1,0,1,0,-2,0.644444444444444,0,0,0,1e-14,0.001,1e+07,0,1,TRUE,TRUE,88,0.357094552470998,0.0396904250069285
100,1,0,1,0,-2,0.644444444444444,0,0,0,1e-14,0.001,1e+07,0,1,TRUE,TRUE,83,0.401271619059831,0.0535983632589982
100,1,0,1,0,-2,0.644444444444444,0,0,0,1e-14,0.001,1e+07,0,1,TRUE,TRUE,84,0.419409994789424,0.0582314291413545
100,1,0,1,0,-2,0.644444444444444,0,0,0,1e-14,0.001,1e+07,0,1,TRUE,TRUE,85,0.392165109018717,0.0414552047119305
100,1,0,1,0,-2,0.644444444444444,0,0,0,1e-14,0.001,1e+07,0,1,TRUE,TRUE,92,0.362833798423837,0.0419316119751672
100,1,0,1,0,-2,0.644444444444444,0,0,0,1e-14,0.001,1e+07,0,1,TRUE,TRUE,91,0.375387325209609,0.0467633228641719
100,1,0,1,0,-2,0.644444444444444,0,0,0,1e-14,0.001,1e+07,0,1,TRUE,TRUE,84,0.399149582433728,0.0566319983846681
100,1,0,1,0,-2,0.644444444444444,0,0,0,1e-14,0.001,1e+07,0,1,TRUE,TRUE,90,0.371883680194775,0.0473427023557631
100,1,0,1,0,-2,0.644444444444444,0,0,0,1e-14,0.001,1e+07,0,1,TRUE,TRUE,85,0.411644153643994,0.0694490572311794
100,1,0,1,0,-2,0.644444444444444,0,0,0,1e-14,0.001,1e+07,0,1,TRUE,TRUE,91,0.359857152258627,0.0439497899916426
100,1,0,1,0,-2,0.644444444444444,0,0,0,1e-14,0.001,1e+07,0,1,TRUE,TRUE,91,0.387463845086309,0.0439504830041468
100,1,0,1,0,-2,0.644444444444444,0,0,0,1e-14,0.001,1e+07,0,1,TRUE,TRUE,94,0.346417406523242,0.0401939311769671
100,1,0,1,0,-2,0.644444444444444,0,0,0,1e-14,0.001,1e+07,0,1,TRUE,TRUE,91,0.377561023000077,0.0465234903313285
100,1,0,1,0,-2,0.644444444444444,0,0,0,1e-14,0.001,1e+07,0,1,TRUE,TRUE,91,0.365897340119104,0.0407996420530433
100,1,0,1,0,-2,0.644444444444444,0,0,0,1e-14,0.001,1e+07,0,1,TRUE,TRUE,83,0.395091699063138,0.070644186795804
100,1,0,1,0,-2,0.644444444444444,0,0,0,1e-14,0.001,1e+07,0,1,TRUE,TRUE,87,0.387247362451311,0.059695531120417
100,1,0,1,0,-2,0.644444444444444,0,0,0,1e-14,0.001,1e+07,0,1,TRUE,TRUE,88,0.39586079398603,0.0608449428922103
100,1,0,1,0,-2,0.644444444444444,0,0,0,1e-14,0.001,1e+07,0,1,TRUE,TRUE,82,0.418713247802582,0.0485107076126498
100,1,0,1,0,-2,0.644444444444444,0,0,0,1e-14,0.001,1e+07,0,1,TRUE,TRUE,85,0.395850685078422,0.0626956485712302
100,1,0,1,0,-2,0.644444444444444,0,0,0,1e-14,0.001,1e+07,0,1,TRUE,TRUE,93,0.345788166830327,0.0400333218845116
100,1,0,1,0,-2,0.644444444444444,0,0,0,1e-14,0.001,1e+07,0,1,TRUE,TRUE,82,0.414245205184686,0.0588054096756666
100,1,0,1,0,-2,0.644444444444444,0,0,0,1e-14,0.001,1e+07,0,1,TRUE,TRUE,88,0.391686931038412,0.0395965341790654
100,1,0,1,0,-2,0.644444444444444,0,0,0,1e-14,0.001,1e+07,0,1,TRUE,TRUE,90,0.366529114189919,0.0551015088942669
100,1,0,1,0,-2,0.644444444444444,0,0,0,1e-14,0.001,1e+07,0,1,TRUE,TRUE,89,0.377908931436687,0.0553290275856056
100,1,0,1,0,-2,0.644444444444444,0,0,0,1e-14,0.001,1e+07,0,1,TRUE,TRUE,93,0.367779480695986,0.0412643324888708
100,1,0,1,0,-2,0.644444444444444,0,0,0,1e-14,0.001,1e+07,0,1,TRUE,TRUE,89,0.387468585660164,0.0582507520782399
100,1,0,1,0,-2,0.644444444444444,0,0,0,1e-14,0.001,1e+07,0,1,TRUE,TRUE,87,0.369963376666487,0.0411886731019066
100,1,0,1,0,-2,0.7,0,0,0,1e-14,0.001,1e+07,0,1,TRUE,TRUE,90,0.381244434879029,0.063930147517036
100,1,0,1,0,-2,0.7,0,0,0,1e-14,0.001,1e+07,0,1,TRUE,TRUE,80,0.436062701334806,0.0718230192582213
100,1,0,1,0,-2,0.7,0,0,0,1e-14,0.001,1e+07,0,1,TRUE,TRUE,85,0.392999180839117,0.0508127349752041
100,1,0,1,0,-2,0.7,0,0,0,1e-14,0.001,1e+07,0,1,TRUE,TRUE,84,0.421269816129864,0.0661086158703634
100,1,0,1,0,-2,0.7,0,0,0,1e-14,0.001,1e+07,0,1,TRUE,TRUE,87,0.393330327890035,0.062936574371414
100,1,0,1,0,-2,0.7,0,0,0,1e-14,0.001,1e+07,0,1,TRUE,TRUE,78,0.436064237345201,0.0839544907247591
100,1,0,1,0,-2,0.7,0,0,0,1e-14,0.001,1e+07,0,1,TRUE,TRUE,81,0.40070672281379,0.0567278862209696
100,1,0,1,0,-2,0.7,0,0,0,1e-14,0.001,1e+07,0,1,TRUE,TRUE,89,0.377275124514702,0.0608774464538134
100,1,0,1,0,-2,0.7,0,0,0,1e-14,0.001,1e+07,0,1,TRUE,TRUE,88,0.384456207252367,0.0421753146352445
100,1,0,1,0,-2,0.7,0,0,0,1e-14,0.001,1e+07,0,1,TRUE,TRUE,85,0.396196821075216,0.0544358174366759
100,1,0,1,0,-2,0.7,0,0,0,1e-14,0.001,1e+07,0,1,TRUE,TRUE,82,0.435976998141548,0.0655246333309938
100,1,0,1,0,-2,0.7,0,0,0,1e-14,0.001,1e+07,0,1,TRUE,TRUE,86,0.413825969305537,0.0618967696319015
100,1,0,1,0,-2,0.7,0,0,0,1e-14,0.001,1e+07,0,1,TRUE,TRUE,90,0.3875448725947,0.039475682202564
100,1,0,1,0,-2,0.7,0,0,0,1e-14,0.001,1e+07,0,1,TRUE,TRUE,89,0.387808882783016,0.0479446214508701
100,1,0,1,0,-2,0.7,0,0,0,1e-14,0.001,1e+07,0,1,TRUE,TRUE,89,0.37005538704169,0.0425602605874238
100,1,0,1,0,-2,0.7,0,0,0,1e-14,0.001,1e+07,0,1,TRUE,TRUE,92,0.377795193418308,0.0402519694598307
100,1,0,1,0,-2,0.7,0,0,0,1e-14,0.001,1e+07,0,1,TRUE,TRUE,88,0.382278048988128,0.0490088128288074
100,1,0,1,0,-2,0.7,0,0,0,1e-14,0.001,1e+07,0,1,TRUE,TRUE,87,0.374971746965666,0.0555256625781214
100,1,0,1,0,-2,0.7,0,0,0,1e-14,0.001,1e+07,0,1,TRUE,TRUE,85,0.407841198337016,0.0679001744365547
100,1,0,1,0,-2,0.7,0,0,0,1e-14,0.001,1e+07,0,1,TRUE,TRUE,82,0.414022263955422,0.0503237596855746
100,1,0,1,0,-2,0.7,0,0,0,1e-14,0.001,1e+07,0,1,TRUE,TRUE,86,0.388336707270032,0.0654134989934989
100,1,0,1,0,-2,0.7,0,0,0,1e-14,0.001,1e+07,0,1,TRUE,TRUE,89,0.364342903511575,0.0423674840982203
100,1,0,1,0,-2,0.7,0,0,0,1e-14,0.001,1e+07,0,1,TRUE,TRUE,89,0.381094201528874,0.0543585772205198
100,1,0,1,0,-2,0.7,0,0,0,1e-14,0.001,1e+07,0,1,TRUE,TRUE,80,0.438309940999979,0.054609157390844
100,1,0,1,0,-2,0.7,0,0,0,1e-14,0.001,1e+07,0,1,TRUE,TRUE,84,0.404613009074238,0.0697399504607774
100,1,0,1,0,-2,0.7,0,0,0,1e-14,0.001,1e+07,0,1,TRUE,TRUE,78,0.482498153271178,0.0743772547523369
100,1,0,1,0,-2,0.7,0,0,0,1e-14,0.001,1e+07,0,1,TRUE,TRUE,86,0.4011353081926,0.0580985558653641
100,1,0,1,0,-2,0.7,0,0,0,1e-14,0.001,1e+07,0,1,TRUE,TRUE,89,0.405311087980214,0.0560258098248709
100,1,0,1,0,-2,0.7,0,0,0,1e-14,0.001,1e+07,0,1,TRUE,TRUE,88,0.374174515163389,0.06187074934491
100,1,0,1,0,-2,0.7,0,0,0,1e-14,0.001,1e+07,0,1,TRUE,TRUE,87,0.392156469476531,0.050140811027353
100,1,0,1,0,-2,0.7,0,0,0,1e-14,0.001,1e+07,0,1,TRUE,TRUE,86,0.396773669625618,0.0545648453474507
100,1,0,1,0,-2,0.7,0,0,0,1e-14,0.001,1e+07,0,1,TRUE,TRUE,88,0.403589333371164,0.0664645929654795
100,1,0,1,0,-2,0.7,0,0,0,1e-14,0.001,1e+07,0,1,TRUE,TRUE,77,0.443003622924916,0.0616614263650845
100,1,0,1,0,-2,0.7,0,0,0,1e-14,0.001,1e+07,0,1,TRUE,TRUE,85,0.390430026520749,0.0694535160959469
100,1,0,1,0,-2,0.7,0,0,0,1e-14,0.001,1e+07,0,1,TRUE,TRUE,82,0.410703835334601,0.0587532951011279
100,1,0,1,0,-2,0.7,0,0,0,1e-14,0.001,1e+07,0,1,TRUE,TRUE,91,0.384834652322916,0.0437742020363551
100,1,0,1,0,-2,0.7,0,0,0,1e-14,0.001,1e+07,0,1,TRUE,TRUE,85,0.394894934889413,0.059369021813741
100,1,0,1,0,-2,0.7,0,0,0,1e-14,0.001,1e+07,0,1,TRUE,TRUE,83,0.399708488761655,0.0617367409982613
100,1,0,1,0,-2,0.7,0,0,0,1e-14,0.001,1e+07,0,1,TRUE,TRUE,89,0.393230639440548,0.0468456165490096
100,1,0,1,0,-2,0.7,0,0,0,1e-14,0.001,1e+07,0,1,TRUE,TRUE,87,0.393163902850873,0.0624339694814869
100,1,0,1,0,-2,0.7,0,0,0,1e-14,0.001,1e+07,0,1,TRUE,TRUE,90,0.368827716222991,0.0411785909762721
100,1,0,1,0,-2,0.7,0,0,0,1e-14,0.001,1e+07,0,1,TRUE,TRUE,91,0.369428731058693,0.0464323828462477
100,1,0,1,0,-2,0.7,0,0,0,1e-14,0.001,1e+07,0,1,TRUE,TRUE,85,0.4078073070532,0.0588653290065461
100,1,0,1,0,-2,0.7,0,0,0,1e-14,0.001,1e+07,0,1,TRUE,TRUE,84,0.397699602913061,0.060219319132679
100,1,0,1,0,-2,0.7,0,0,0,1e-14,0.001,1e+07,0,1,TRUE,TRUE,87,0.381842355824959,0.0556825031006079
100,1,0,1,0,-2,0.7,0,0,0,1e-14,0.001,1e+07,0,1,TRUE,TRUE,88,0.379358461091473,0.0608554920073115
100,1,0,1,0,-2,0.7,0,0,0,1e-14,0.001,1e+07,0,1,TRUE,TRUE,92,0.377238928139505,0.051725894458195
100,1,0,1,0,-2,0.7,0,0,0,1e-14,0.001,1e+07,0,1,TRUE,TRUE,87,0.383328453170776,0.0631876083771797
100,1,0,1,0,-2,0.7,0,0,0,1e-14,0.001,1e+07,0,1,TRUE,TRUE,80,0.43938922241872,0.0641984235053863
100,1,0,1,0,-2,0.7,0,0,0,1e-14,0.001,1e+07,0,1,TRUE,TRUE,87,0.411673092092302,0.0636932310730142
