"S","MuR","SigmaR","MuD","SigmaD","MuA","SigmaA","Rho","MuB","SigmaB","AbdCutoff","GrCutoff","EndTime","IniMin","IniMax","Equilibrium","Uninvasible","NumCoexist","MeanAbd","VarAbd"
100,1,0,1,0,-1,0,0,-1,1,1e-14,0.001,1e+07,0,1,TRUE,TRUE,98,0.429168656407247,0.0267315997734649
100,1,0,1,0,-1,0,0,-1,1,1e-14,0.001,1e+07,0,1,TRUE,TRUE,99,0.419091628930334,0.0317202113564753
100,1,0,1,0,-1,0,0,-1,1,1e-14,0.001,1e+07,0,1,TRUE,TRUE,95,0.432944595326858,0.0411520560986762
100,1,0,1,0,-1,0,0,-1,1,1e-14,0.001,1e+07,0,1,TRUE,TRUE,99,0.426298821886549,0.0359804002934152
100,1,0,1,0,-1,0,0,-1,1,1e-14,0.001,1e+07,0,1,TRUE,TRUE,98,0.414294170328484,0.0399986764850588
100,1,0,1,0,-1,0.0444444444444444,0,-1,0.955555555555556,1e-14,0.001,1e+07,0,1,TRUE,TRUE,99,0.407097378743559,0.0364272455249999
100,1,0,1,0,-1,0.0444444444444444,0,-1,0.955555555555556,1e-14,0.001,1e+07,0,1,TRUE,TRUE,98,0.425310604087054,0.0464764070215032
100,1,0,1,0,-1,0.0444444444444444,0,-1,0.955555555555556,1e-14,0.001,1e+07,0,1,TRUE,TRUE,98,0.430571759904184,0.0431485011177256
100,1,0,1,0,-1,0.0444444444444444,0,-1,0.955555555555556,1e-14,0.001,1e+07,0,1,TRUE,TRUE,95,0.438516660085105,0.0406285088946143
100,1,0,1,0,-1,0.0444444444444444,0,-1,0.955555555555556,1e-14,0.001,1e+07,0,1,TRUE,TRUE,96,0.433128446245643,0.0297650870399319
100,1,0,1,0,-1,0.0888888888888889,0,-1,0.911111111111111,1e-14,0.001,1e+07,0,1,TRUE,TRUE,100,0.406949580465882,0.0277296670344756
100,1,0,1,0,-1,0.0888888888888889,0,-1,0.911111111111111,1e-14,0.001,1e+07,0,1,TRUE,TRUE,100,0.402793565509361,0.0201681635999566
100,1,0,1,0,-1,0.0888888888888889,0,-1,0.911111111111111,1e-14,0.001,1e+07,0,1,TRUE,TRUE,98,0.419177471051843,0.0249402065660618
100,1,0,1,0,-1,0.0888888888888889,0,-1,0.911111111111111,1e-14,0.001,1e+07,0,1,TRUE,TRUE,98,0.424175873920583,0.0317154150563255
100,1,0,1,0,-1,0.0888888888888889,0,-1,0.911111111111111,1e-14,0.001,1e+07,0,1,TRUE,TRUE,98,0.42028991841465,0.0339931636407483
100,1,0,1,0,-1,0.133333333333333,0,-1,0.866666666666667,1e-14,0.001,1e+07,0,1,TRUE,TRUE,99,0.425068493331633,0.0403042919907758
100,1,0,1,0,-1,0.133333333333333,0,-1,0.866666666666667,1e-14,0.001,1e+07,0,1,TRUE,TRUE,100,0.4169723585493,0.0355032582127915
100,1,0,1,0,-1,0.133333333333333,0,-1,0.866666666666667,1e-14,0.001,1e+07,0,1,TRUE,TRUE,100,0.411158597922075,0.0304088821379965
100,1,0,1,0,-1,0.133333333333333,0,-1,0.866666666666667,1e-14,0.001,1e+07,0,1,TRUE,TRUE,99,0.419460527256307,0.0342541871095514
100,1,0,1,0,-1,0.133333333333333,0,-1,0.866666666666667,1e-14,0.001,1e+07,0,1,TRUE,TRUE,100,0.413427190590221,0.0351842743177727
100,1,0,1,0,-1,0.177777777777778,0,-1,0.822222222222222,1e-14,0.001,1e+07,0,1,TRUE,TRUE,99,0.426980440845395,0.0369090126916848
100,1,0,1,0,-1,0.177777777777778,0,-1,0.822222222222222,1e-14,0.001,1e+07,0,1,TRUE,TRUE,98,0.414106864790215,0.027305505953169
100,1,0,1,0,-1,0.177777777777778,0,-1,0.822222222222222,1e-14,0.001,1e+07,0,1,TRUE,TRUE,99,0.43155854971795,0.0348731185274458
100,1,0,1,0,-1,0.177777777777778,0,-1,0.822222222222222,1e-14,0.001,1e+07,0,1,TRUE,TRUE,98,0.430399996288867,0.0410824173796332
100,1,0,1,0,-1,0.177777777777778,0,-1,0.822222222222222,1e-14,0.001,1e+07,0,1,TRUE,TRUE,100,0.418251391775993,0.0284325371023517
100,1,0,1,0,-1,0.222222222222222,0,-1,0.777777777777778,1e-14,0.001,1e+07,0,1,TRUE,TRUE,100,0.40435619195583,0.0290335156241331
100,1,0,1,0,-1,0.222222222222222,0,-1,0.777777777777778,1e-14,0.001,1e+07,0,1,TRUE,TRUE,99,0.417095103641775,0.0246161617648785
100,1,0,1,0,-1,0.222222222222222,0,-1,0.777777777777778,1e-14,0.001,1e+07,0,1,TRUE,TRUE,97,0.428177264348535,0.0358443661228522
100,1,0,1,0,-1,0.222222222222222,0,-1,0.777777777777778,1e-14,0.001,1e+07,0,1,TRUE,TRUE,98,0.416925425547972,0.0348027176200545
100,1,0,1,0,-1,0.222222222222222,0,-1,0.777777777777778,1e-14,0.001,1e+07,0,1,TRUE,TRUE,95,0.448298594356801,0.0422389471239157
100,1,0,1,0,-1,0.266666666666667,0,-1,0.733333333333333,1e-14,0.001,1e+07,0,1,TRUE,TRUE,98,0.407367724263689,0.0331760177484149
100,1,0,1,0,-1,0.266666666666667,0,-1,0.733333333333333,1e-14,0.001,1e+07,0,1,TRUE,TRUE,98,0.423965196482714,0.0344888536630039
100,1,0,1,0,-1,0.266666666666667,0,-1,0.733333333333333,1e-14,0.001,1e+07,0,1,TRUE,TRUE,99,0.432678441671114,0.0369514409559569
100,1,0,1,0,-1,0.266666666666667,0,-1,0.733333333333333,1e-14,0.001,1e+07,0,1,TRUE,TRUE,97,0.433521513490324,0.0385671099694448
100,1,0,1,0,-1,0.266666666666667,0,-1,0.733333333333333,1e-14,0.001,1e+07,0,1,TRUE,TRUE,100,0.415481799932372,0.0278082365143209
100,1,0,1,0,-1,0.311111111111111,0,-1,0.688888888888889,1e-14,0.001,1e+07,0,1,TRUE,TRUE,100,0.413337811568518,0.0324091256304515
100,1,0,1,0,-1,0.311111111111111,0,-1,0.688888888888889,1e-14,0.001,1e+07,0,1,TRUE,TRUE,97,0.415614360552699,0.0345765324943357
100,1,0,1,0,-1,0.311111111111111,0,-1,0.688888888888889,1e-14,0.001,1e+07,0,1,TRUE,TRUE,99,0.415829875072212,0.033318041024422
100,1,0,1,0,-1,0.311111111111111,0,-1,0.688888888888889,1e-14,0.001,1e+07,0,1,TRUE,TRUE,98,0.419177294233778,0.0392553369012012
100,1,0,1,0,-1,0.311111111111111,0,-1,0.688888888888889,1e-14,0.001,1e+07,0,1,TRUE,TRUE,100,0.427070592623421,0.0305531342319608
100,1,0,1,0,-1,0.355555555555556,0,-1,0.644444444444444,1e-14,0.001,1e+07,0,1,TRUE,TRUE,98,0.420476469281716,0.0483905067397701
100,1,0,1,0,-1,0.355555555555556,0,-1,0.644444444444444,1e-14,0.001,1e+07,0,1,TRUE,TRUE,96,0.434725392027846,0.0301677758160804
100,1,0,1,0,-1,0.355555555555556,0,-1,0.644444444444444,1e-14,0.001,1e+07,0,1,TRUE,TRUE,99,0.426927288880909,0.0434736079674707
100,1,0,1,0,-1,0.355555555555556,0,-1,0.644444444444444,1e-14,0.001,1e+07,0,1,TRUE,TRUE,97,0.436213808251749,0.0355150598240194
100,1,0,1,0,-1,0.355555555555556,0,-1,0.644444444444444,1e-14,0.001,1e+07,0,1,TRUE,TRUE,97,0.430408238290977,0.0527339036282237
100,1,0,1,0,-1,0.4,0,-1,0.6,1e-14,0.001,1e+07,0,1,TRUE,TRUE,97,0.432467196275246,0.0512607032015816
100,1,0,1,0,-1,0.4,0,-1,0.6,1e-14,0.001,1e+07,0,1,TRUE,TRUE,94,0.440971580459154,0.0400721283219803
100,1,0,1,0,-1,0.4,0,-1,0.6,1e-14,0.001,1e+07,0,1,TRUE,TRUE,99,0.435990025957207,0.0512231023672053
100,1,0,1,0,-1,0.4,0,-1,0.6,1e-14,0.001,1e+07,0,1,TRUE,TRUE,95,0.444583315519154,0.0391669901813808
100,1,0,1,0,-1,0.4,0,-1,0.6,1e-14,0.001,1e+07,0,1,TRUE,TRUE,97,0.430432178831479,0.0482367713609045
