"S","MuR","SigmaR","MuD","SigmaD","MuA","SigmaA","Rho","MuB","SigmaB","AbdCutoff","GrCutoff","EndTime","IniMin","IniMax","Equilibrium","Uninvasible","NumCoexist","MeanAbd","VarAbd"
50,1,0,1,0,-2,0.2,0,0,0,1e-14,0.001,1e+07,0,1,TRUE,TRUE,50,0.33081959742105,0.00363524005006662
50,1,0,1,0,-2,0.2,0,0,0,1e-14,0.001,1e+07,0,1,TRUE,TRUE,50,0.32988159859439,0.00600263620893607
50,1,0,1,0,-2,0.2,0,0,0,1e-14,0.001,1e+07,0,1,TRUE,TRUE,50,0.331666664623419,0.00493446168415617
50,1,0,1,0,-2,0.2,0,0,0,1e-14,0.001,1e+07,0,1,TRUE,TRUE,50,0.328895552764639,0.00470586022050215
50,1,0,1,0,-2,0.2,0,0,0,1e-14,0.001,1e+07,0,1,TRUE,TRUE,50,0.329160737020138,0.00430422649903587
50,1,0,1,0,-2,0.2,0,0,0,1e-14,0.001,1e+07,0,1,TRUE,TRUE,50,0.336263177854268,0.00522469087351989
50,1,0,1,0,-2,0.2,0,0,0,1e-14,0.001,1e+07,0,1,TRUE,TRUE,50,0.328930802990908,0.0058211041082194
50,1,0,1,0,-2,0.2,0,0,0,1e-14,0.001,1e+07,0,1,TRUE,TRUE,50,0.337614142826487,0.003854874939512
50,1,0,1,0,-2,0.2,0,0,0,1e-14,0.001,1e+07,0,1,TRUE,TRUE,50,0.33015146899337,0.00530863970094377
50,1,0,1,0,-2,0.2,0,0,0,1e-14,0.001,1e+07,0,1,TRUE,TRUE,50,0.33917914643377,0.00693520090641864
50,1,0,1,0,-2,0.2,0,0,0,1e-14,0.001,1e+07,0,1,TRUE,TRUE,50,0.328539283368817,0.00394608741967006
50,1,0,1,0,-2,0.2,0,0,0,1e-14,0.001,1e+07,0,1,TRUE,TRUE,50,0.343608312574726,0.00516037669618282
50,1,0,1,0,-2,0.2,0,0,0,1e-14,0.001,1e+07,0,1,TRUE,TRUE,50,0.330623578943016,0.00601696072378918
50,1,0,1,0,-2,0.2,0,0,0,1e-14,0.001,1e+07,0,1,TRUE,TRUE,50,0.340931571472543,0.0042997956641891
50,1,0,1,0,-2,0.2,0,0,0,1e-14,0.001,1e+07,0,1,TRUE,TRUE,50,0.33820470154805,0.00374343258920782
50,1,0,1,0,-2,0.2,0,0,0,1e-14,0.001,1e+07,0,1,TRUE,TRUE,50,0.329284738810459,0.00449329098160922
50,1,0,1,0,-2,0.2,0,0,0,1e-14,0.001,1e+07,0,1,TRUE,TRUE,50,0.328596421309691,0.00277729788893076
50,1,0,1,0,-2,0.2,0,0,0,1e-14,0.001,1e+07,0,1,TRUE,TRUE,50,0.332095363181958,0.00593477392113406
50,1,0,1,0,-2,0.2,0,0,0,1e-14,0.001,1e+07,0,1,TRUE,TRUE,50,0.334869258297028,0.00624118547413783
50,1,0,1,0,-2,0.2,0,0,0,1e-14,0.001,1e+07,0,1,TRUE,TRUE,50,0.335470510309829,0.0040169838629749
50,1,0,1,0,-2,0.2,0,0,0,1e-14,0.001,1e+07,0,1,TRUE,TRUE,50,0.334012017630487,0.00572848330231884
50,1,0,1,0,-2,0.2,0,0,0,1e-14,0.001,1e+07,0,1,TRUE,TRUE,50,0.332598303565869,0.00419491669084257
50,1,0,1,0,-2,0.2,0,0,0,1e-14,0.001,1e+07,0,1,TRUE,TRUE,50,0.328805927720711,0.00349458717974676
50,1,0,1,0,-2,0.2,0,0,0,1e-14,0.001,1e+07,0,1,TRUE,TRUE,50,0.332133808733071,0.00431991806905922
50,1,0,1,0,-2,0.2,0,0,0,1e-14,0.001,1e+07,0,1,TRUE,TRUE,50,0.325832407908277,0.00491810070668503
50,1,0,1,0,-2,0.2,0,0,0,1e-14,0.001,1e+07,0,1,TRUE,TRUE,50,0.334664725930698,0.00271944144831138
50,1,0,1,0,-2,0.2,0,0,0,1e-14,0.001,1e+07,0,1,TRUE,TRUE,50,0.340067186259512,0.00505702715205574
50,1,0,1,0,-2,0.2,0,0,0,1e-14,0.001,1e+07,0,1,TRUE,TRUE,50,0.331860411735248,0.00576127988961057
50,1,0,1,0,-2,0.2,0,0,0,1e-14,0.001,1e+07,0,1,TRUE,TRUE,50,0.338333341958392,0.00601568371948142
50,1,0,1,0,-2,0.2,0,0,0,1e-14,0.001,1e+07,0,1,TRUE,TRUE,50,0.332345251955559,0.00397689116737501
50,1,0,1,0,-2,0.2,0,0,0,1e-14,0.001,1e+07,0,1,TRUE,TRUE,50,0.335143404547715,0.00441160405614606
50,1,0,1,0,-2,0.2,0,0,0,1e-14,0.001,1e+07,0,1,TRUE,TRUE,50,0.336924962543253,0.0061776319865432
50,1,0,1,0,-2,0.2,0,0,0,1e-14,0.001,1e+07,0,1,TRUE,TRUE,50,0.328651545512876,0.00453582352903883
50,1,0,1,0,-2,0.2,0,0,0,1e-14,0.001,1e+07,0,1,TRUE,TRUE,50,0.333269225634119,0.00616824154345246
50,1,0,1,0,-2,0.2,0,0,0,1e-14,0.001,1e+07,0,1,TRUE,TRUE,50,0.335219040753366,0.00417889163786328
50,1,0,1,0,-2,0.2,0,0,0,1e-14,0.001,1e+07,0,1,TRUE,TRUE,50,0.334525947897919,0.00815568472546557
50,1,0,1,0,-2,0.2,0,0,0,1e-14,0.001,1e+07,0,1,TRUE,TRUE,50,0.335098334314632,0.0052744675612335
50,1,0,1,0,-2,0.2,0,0,0,1e-14,0.001,1e+07,0,1,TRUE,TRUE,50,0.337346567711201,0.00684302693181334
50,1,0,1,0,-2,0.2,0,0,0,1e-14,0.001,1e+07,0,1,TRUE,TRUE,50,0.331341511339711,0.00461610196785346
50,1,0,1,0,-2,0.2,0,0,0,1e-14,0.001,1e+07,0,1,TRUE,TRUE,50,0.33276587360277,0.00567909563779082
50,1,0,1,0,-2,0.2,0,0,0,1e-14,0.001,1e+07,0,1,TRUE,TRUE,50,0.33453928313958,0.00404062795378498
50,1,0,1,0,-2,0.2,0,0,0,1e-14,0.001,1e+07,0,1,TRUE,TRUE,50,0.339380304547181,0.00544853442068119
50,1,0,1,0,-2,0.2,0,0,0,1e-14,0.001,1e+07,0,1,TRUE,TRUE,50,0.330303938442097,0.00387248967028613
50,1,0,1,0,-2,0.2,0,0,0,1e-14,0.001,1e+07,0,1,TRUE,TRUE,50,0.329267647967477,0.00582488068421948
50,1,0,1,0,-2,0.2,0,0,0,1e-14,0.001,1e+07,0,1,TRUE,TRUE,50,0.329909624093094,0.00409729426593801
50,1,0,1,0,-2,0.2,0,0,0,1e-14,0.001,1e+07,0,1,TRUE,TRUE,50,0.333754476224222,0.00405533911453559
50,1,0,1,0,-2,0.2,0,0,0,1e-14,0.001,1e+07,0,1,TRUE,TRUE,50,0.329465177440754,0.0057991988368094
50,1,0,1,0,-2,0.2,0,0,0,1e-14,0.001,1e+07,0,1,TRUE,TRUE,50,0.330663949076595,0.004274777031278
50,1,0,1,0,-2,0.2,0,0,0,1e-14,0.001,1e+07,0,1,TRUE,TRUE,50,0.336647216629338,0.00600437249040995
50,1,0,1,0,-2,0.2,0,0,0,1e-14,0.001,1e+07,0,1,TRUE,TRUE,50,0.32554224913601,0.00477120757419256
50,1,0,1,0,-2,0.255555555555556,0,0,0,1e-14,0.001,1e+07,0,1,TRUE,TRUE,50,0.329077140657865,0.00647840857872699
50,1,0,1,0,-2,0.255555555555556,0,0,0,1e-14,0.001,1e+07,0,1,TRUE,TRUE,50,0.334963747505315,0.00951068360777931
50,1,0,1,0,-2,0.255555555555556,0,0,0,1e-14,0.001,1e+07,0,1,TRUE,TRUE,50,0.331256944172413,0.00639665148281574
50,1,0,1,0,-2,0.255555555555556,0,0,0,1e-14,0.001,1e+07,0,1,TRUE,TRUE,50,0.337578545304784,0.00561987711086777
50,1,0,1,0,-2,0.255555555555556,0,0,0,1e-14,0.001,1e+07,0,1,TRUE,TRUE,50,0.332624888335266,0.00674614169771418
50,1,0,1,0,-2,0.255555555555556,0,0,0,1e-14,0.001,1e+07,0,1,TRUE,TRUE,50,0.331895606739571,0.00853237083071632
50,1,0,1,0,-2,0.255555555555556,0,0,0,1e-14,0.001,1e+07,0,1,TRUE,TRUE,50,0.331060197094419,0.00948669063769541
50,1,0,1,0,-2,0.255555555555556,0,0,0,1e-14,0.001,1e+07,0,1,TRUE,TRUE,50,0.332162411290214,0.0131462657021733
50,1,0,1,0,-2,0.255555555555556,0,0,0,1e-14,0.001,1e+07,0,1,TRUE,TRUE,50,0.336688413275717,0.00748481444975718
50,1,0,1,0,-2,0.255555555555556,0,0,0,1e-14,0.001,1e+07,0,1,TRUE,TRUE,50,0.336004259748108,0.00776185272035567
50,1,0,1,0,-2,0.255555555555556,0,0,0,1e-14,0.001,1e+07,0,1,TRUE,TRUE,50,0.329743843821125,0.00641867333226404
50,1,0,1,0,-2,0.255555555555556,0,0,0,1e-14,0.001,1e+07,0,1,TRUE,TRUE,50,0.336061408698511,0.0118512114403383
50,1,0,1,0,-2,0.255555555555556,0,0,0,1e-14,0.001,1e+07,0,1,TRUE,TRUE,50,0.331596910401875,0.0122218693921119
50,1,0,1,0,-2,0.255555555555556,0,0,0,1e-14,0.001,1e+07,0,1,TRUE,TRUE,50,0.327653745569712,0.00912508371193278
50,1,0,1,0,-2,0.255555555555556,0,0,0,1e-14,0.001,1e+07,0,1,TRUE,TRUE,50,0.329831919688793,0.00785860271492251
50,1,0,1,0,-2,0.255555555555556,0,0,0,1e-14,0.001,1e+07,0,1,TRUE,TRUE,50,0.335599926555944,0.00929332645495306
50,1,0,1,0,-2,0.255555555555556,0,0,0,1e-14,0.001,1e+07,0,1,TRUE,TRUE,50,0.331533597192807,0.00639139458623952
50,1,0,1,0,-2,0.255555555555556,0,0,0,1e-14,0.001,1e+07,0,1,TRUE,TRUE,50,0.335551572667392,0.00883414774805461
50,1,0,1,0,-2,0.255555555555556,0,0,0,1e-14,0.001,1e+07,0,1,TRUE,TRUE,50,0.333068796080377,0.00892809870112936
50,1,0,1,0,-2,0.255555555555556,0,0,0,1e-14,0.001,1e+07,0,1,TRUE,TRUE,50,0.333859710237307,0.00936173555541881
50,1,0,1,0,-2,0.255555555555556,0,0,0,1e-14,0.001,1e+07,0,1,TRUE,TRUE,50,0.336240065246132,0.0063311123110288
50,1,0,1,0,-2,0.255555555555556,0,0,0,1e-14,0.001,1e+07,0,1,TRUE,TRUE,50,0.329848376558476,0.00827837330286082
50,1,0,1,0,-2,0.255555555555556,0,0,0,1e-14,0.001,1e+07,0,1,TRUE,TRUE,50,0.332019791573233,0.00464967276276622
50,1,0,1,0,-2,0.255555555555556,0,0,0,1e-14,0.001,1e+07,0,1,TRUE,TRUE,50,0.338710029981271,0.00651521746076061
50,1,0,1,0,-2,0.255555555555556,0,0,0,1e-14,0.001,1e+07,0,1,TRUE,TRUE,50,0.329522644893187,0.00563337010798055
50,1,0,1,0,-2,0.255555555555556,0,0,0,1e-14,0.001,1e+07,0,1,TRUE,TRUE,50,0.337896145426629,0.00929095291183684
50,1,0,1,0,-2,0.255555555555556,0,0,0,1e-14,0.001,1e+07,0,1,TRUE,TRUE,50,0.334747808705544,0.00636806430248953
50,1,0,1,0,-2,0.255555555555556,0,0,0,1e-14,0.001,1e+07,0,1,TRUE,TRUE,50,0.338316864756597,0.00945070996381097
50,1,0,1,0,-2,0.255555555555556,0,0,0,1e-14,0.001,1e+07,0,1,TRUE,TRUE,50,0.33104104564654,0.00823952111323258
50,1,0,1,0,-2,0.255555555555556,0,0,0,1e-14,0.001,1e+07,0,1,TRUE,TRUE,50,0.323021738107626,0.00833921554087831
50,1,0,1,0,-2,0.255555555555556,0,0,0,1e-14,0.001,1e+07,0,1,TRUE,TRUE,50,0.333163119057765,0.00765197270589213
50,1,0,1,0,-2,0.255555555555556,0,0,0,1e-14,0.001,1e+07,0,1,TRUE,TRUE,50,0.336874692552764,0.00948393561542187
50,1,0,1,0,-2,0.255555555555556,0,0,0,1e-14,0.001,1e+07,0,1,TRUE,TRUE,50,0.330980068888229,0.00647503390243903
50,1,0,1,0,-2,0.255555555555556,0,0,0,1e-14,0.001,1e+07,0,1,TRUE,TRUE,50,0.336596754697637,0.00687200282348737
50,1,0,1,0,-2,0.255555555555556,0,0,0,1e-14,0.001,1e+07,0,1,TRUE,TRUE,50,0.329640630214614,0.010365857915534
50,1,0,1,0,-2,0.255555555555556,0,0,0,1e-14,0.001,1e+07,0,1,TRUE,TRUE,50,0.330854567347328,0.00808815386967762
50,1,0,1,0,-2,0.255555555555556,0,0,0,1e-14,0.001,1e+07,0,1,TRUE,TRUE,50,0.338438137285604,0.00879295950931324
50,1,0,1,0,-2,0.255555555555556,0,0,0,1e-14,0.001,1e+07,0,1,TRUE,TRUE,50,0.33268695132366,0.00739864013034018
50,1,0,1,0,-2,0.255555555555556,0,0,0,1e-14,0.001,1e+07,0,1,TRUE,TRUE,50,0.330997971697699,0.00813881246903672
50,1,0,1,0,-2,0.255555555555556,0,0,0,1e-14,0.001,1e+07,0,1,TRUE,TRUE,50,0.331479398709749,0.00734311886219218
50,1,0,1,0,-2,0.255555555555556,0,0,0,1e-14,0.001,1e+07,0,1,TRUE,TRUE,50,0.330077805224468,0.0108216644068113
50,1,0,1,0,-2,0.255555555555556,0,0,0,1e-14,0.001,1e+07,0,1,TRUE,TRUE,50,0.335109069165771,0.00866748644993499
50,1,0,1,0,-2,0.255555555555556,0,0,0,1e-14,0.001,1e+07,0,1,TRUE,TRUE,50,0.338147325430486,0.00811749502222598
50,1,0,1,0,-2,0.255555555555556,0,0,0,1e-14,0.001,1e+07,0,1,TRUE,TRUE,50,0.340138056815357,0.00643203275177846
50,1,0,1,0,-2,0.255555555555556,0,0,0,1e-14,0.001,1e+07,0,1,TRUE,TRUE,50,0.33421784987486,0.00680497147925681
50,1,0,1,0,-2,0.255555555555556,0,0,0,1e-14,0.001,1e+07,0,1,TRUE,TRUE,50,0.335320189945176,0.0061048811559279
50,1,0,1,0,-2,0.255555555555556,0,0,0,1e-14,0.001,1e+07,0,1,TRUE,TRUE,50,0.331600715684791,0.00775734813795093
50,1,0,1,0,-2,0.255555555555556,0,0,0,1e-14,0.001,1e+07,0,1,TRUE,TRUE,50,0.340053416568138,0.00639339067390448
50,1,0,1,0,-2,0.255555555555556,0,0,0,1e-14,0.001,1e+07,0,1,TRUE,TRUE,50,0.335943889605359,0.00774265630855032
50,1,0,1,0,-2,0.255555555555556,0,0,0,1e-14,0.001,1e+07,0,1,TRUE,TRUE,50,0.332848194757196,0.011243657361004
50,1,0,1,0,-2,0.311111111111111,0,0,0,1e-14,0.001,1e+07,0,1,TRUE,TRUE,50,0.33401412473111,0.010175111022137
50,1,0,1,0,-2,0.311111111111111,0,0,0,1e-14,0.001,1e+07,0,1,TRUE,TRUE,50,0.340292182411143,0.0120438096512152
50,1,0,1,0,-2,0.311111111111111,0,0,0,1e-14,0.001,1e+07,0,1,TRUE,TRUE,50,0.337181704805599,0.0104349103148375
50,1,0,1,0,-2,0.311111111111111,0,0,0,1e-14,0.001,1e+07,0,1,TRUE,TRUE,50,0.33739340398232,0.013840551304141
50,1,0,1,0,-2,0.311111111111111,0,0,0,1e-14,0.001,1e+07,0,1,TRUE,TRUE,50,0.333147732993797,0.0155596275229953
50,1,0,1,0,-2,0.311111111111111,0,0,0,1e-14,0.001,1e+07,0,1,TRUE,TRUE,50,0.337194075273268,0.0141877555621427
50,1,0,1,0,-2,0.311111111111111,0,0,0,1e-14,0.001,1e+07,0,1,TRUE,TRUE,50,0.326416743572232,0.0136234577242108
50,1,0,1,0,-2,0.311111111111111,0,0,0,1e-14,0.001,1e+07,0,1,TRUE,TRUE,50,0.331491351628411,0.0125232818699948
50,1,0,1,0,-2,0.311111111111111,0,0,0,1e-14,0.001,1e+07,0,1,TRUE,TRUE,50,0.327923383745645,0.0114943837173619
50,1,0,1,0,-2,0.311111111111111,0,0,0,1e-14,0.001,1e+07,0,1,TRUE,TRUE,50,0.33360733772568,0.0112284551611079
50,1,0,1,0,-2,0.311111111111111,0,0,0,1e-14,0.001,1e+07,0,1,TRUE,TRUE,49,0.338354703572976,0.0126410454721204
50,1,0,1,0,-2,0.311111111111111,0,0,0,1e-14,0.001,1e+07,0,1,TRUE,TRUE,50,0.333708387426389,0.0108852907864785
50,1,0,1,0,-2,0.311111111111111,0,0,0,1e-14,0.001,1e+07,0,1,TRUE,TRUE,50,0.32866693127021,0.0115697473433677
50,1,0,1,0,-2,0.311111111111111,0,0,0,1e-14,0.001,1e+07,0,1,TRUE,TRUE,50,0.339755747885426,0.0171567078122445
50,1,0,1,0,-2,0.311111111111111,0,0,0,1e-14,0.001,1e+07,0,1,TRUE,TRUE,50,0.333412693003197,0.0100876343321862
50,1,0,1,0,-2,0.311111111111111,0,0,0,1e-14,0.001,1e+07,0,1,TRUE,TRUE,50,0.332847354152557,0.0134764177000903
50,1,0,1,0,-2,0.311111111111111,0,0,0,1e-14,0.001,1e+07,0,1,TRUE,TRUE,50,0.330520305875207,0.0122326280644051
50,1,0,1,0,-2,0.311111111111111,0,0,0,1e-14,0.001,1e+07,0,1,TRUE,TRUE,50,0.333114156934633,0.0150506605647104
50,1,0,1,0,-2,0.311111111111111,0,0,0,1e-14,0.001,1e+07,0,1,TRUE,TRUE,50,0.322948901017962,0.00860651111784276
50,1,0,1,0,-2,0.311111111111111,0,0,0,1e-14,0.001,1e+07,0,1,TRUE,TRUE,50,0.34119631157398,0.0139839803157739
50,1,0,1,0,-2,0.311111111111111,0,0,0,1e-14,0.001,1e+07,0,1,TRUE,TRUE,50,0.331962005220001,0.0137945454015795
50,1,0,1,0,-2,0.311111111111111,0,0,0,1e-14,0.001,1e+07,0,1,TRUE,TRUE,50,0.329696083543577,0.00945675866077596
50,1,0,1,0,-2,0.311111111111111,0,0,0,1e-14,0.001,1e+07,0,1,TRUE,TRUE,50,0.325555852742633,0.0125409053167557
50,1,0,1,0,-2,0.311111111111111,0,0,0,1e-14,0.001,1e+07,0,1,TRUE,TRUE,50,0.33341180597184,0.0100242553297711
50,1,0,1,0,-2,0.311111111111111,0,0,0,1e-14,0.001,1e+07,0,1,TRUE,TRUE,50,0.345135918389519,0.0105251181275803
50,1,0,1,0,-2,0.311111111111111,0,0,0,1e-14,0.001,1e+07,0,1,TRUE,TRUE,50,0.334793221728134,0.00980491561580255
50,1,0,1,0,-2,0.311111111111111,0,0,0,1e-14,0.001,1e+07,0,1,TRUE,TRUE,50,0.333702226670437,0.00794371574587377
50,1,0,1,0,-2,0.311111111111111,0,0,0,1e-14,0.001,1e+07,0,1,TRUE,TRUE,50,0.338584231719341,0.0129579462818045
50,1,0,1,0,-2,0.311111111111111,0,0,0,1e-14,0.001,1e+07,0,1,TRUE,TRUE,50,0.331573773583063,0.0116333589434981
50,1,0,1,0,-2,0.311111111111111,0,0,0,1e-14,0.001,1e+07,0,1,TRUE,TRUE,50,0.330494899439651,0.0140983329229044
50,1,0,1,0,-2,0.311111111111111,0,0,0,1e-14,0.001,1e+07,0,1,TRUE,TRUE,50,0.332636303120716,0.0118168998432943
50,1,0,1,0,-2,0.311111111111111,0,0,0,1e-14,0.001,1e+07,0,1,TRUE,TRUE,50,0.332861756920576,0.012112095159794
50,1,0,1,0,-2,0.311111111111111,0,0,0,1e-14,0.001,1e+07,0,1,TRUE,TRUE,50,0.337173886468116,0.00873259015003983
50,1,0,1,0,-2,0.311111111111111,0,0,0,1e-14,0.001,1e+07,0,1,TRUE,TRUE,50,0.346183314533974,0.0143544604682748
50,1,0,1,0,-2,0.311111111111111,0,0,0,1e-14,0.001,1e+07,0,1,TRUE,TRUE,50,0.328253366300517,0.015019466229402
50,1,0,1,0,-2,0.311111111111111,0,0,0,1e-14,0.001,1e+07,0,1,TRUE,TRUE,50,0.336448517598334,0.00932282347491228
50,1,0,1,0,-2,0.311111111111111,0,0,0,1e-14,0.001,1e+07,0,1,TRUE,TRUE,50,0.328946117331188,0.0136246549899696
50,1,0,1,0,-2,0.311111111111111,0,0,0,1e-14,0.001,1e+07,0,1,TRUE,TRUE,50,0.334787467655486,0.0133553014167428
50,1,0,1,0,-2,0.311111111111111,0,0,0,1e-14,0.001,1e+07,0,1,TRUE,TRUE,50,0.329073307598591,0.00944563607073756
50,1,0,1,0,-2,0.311111111111111,0,0,0,1e-14,0.001,1e+07,0,1,TRUE,TRUE,50,0.33887597163743,0.0100397030225375
50,1,0,1,0,-2,0.311111111111111,0,0,0,1e-14,0.001,1e+07,0,1,TRUE,TRUE,50,0.335865191634059,0.012740970420866
50,1,0,1,0,-2,0.311111111111111,0,0,0,1e-14,0.001,1e+07,0,1,TRUE,TRUE,50,0.332790814282442,0.0138363818334212
50,1,0,1,0,-2,0.311111111111111,0,0,0,1e-14,0.001,1e+07,0,1,TRUE,TRUE,50,0.336265742359445,0.0139455484811853
50,1,0,1,0,-2,0.311111111111111,0,0,0,1e-14,0.001,1e+07,0,1,TRUE,TRUE,50,0.332236570091153,0.00889132831059256
50,1,0,1,0,-2,0.311111111111111,0,0,0,1e-14,0.001,1e+07,0,1,TRUE,TRUE,50,0.332979652471903,0.014487381719613
50,1,0,1,0,-2,0.311111111111111,0,0,0,1e-14,0.001,1e+07,0,1,TRUE,TRUE,50,0.331763145452408,0.0105143561177708
50,1,0,1,0,-2,0.311111111111111,0,0,0,1e-14,0.001,1e+07,0,1,TRUE,TRUE,50,0.333206400346109,0.0122145566818212
50,1,0,1,0,-2,0.311111111111111,0,0,0,1e-14,0.001,1e+07,0,1,TRUE,TRUE,50,0.330896612931131,0.00992492130829456
50,1,0,1,0,-2,0.311111111111111,0,0,0,1e-14,0.001,1e+07,0,1,TRUE,TRUE,50,0.345408789302943,0.0156328905338854
50,1,0,1,0,-2,0.311111111111111,0,0,0,1e-14,0.001,1e+07,0,1,TRUE,TRUE,50,0.332681807657138,0.0101735914138939
50,1,0,1,0,-2,0.366666666666667,0,0,0,1e-14,0.001,1e+07,0,1,TRUE,TRUE,49,0.335901135351675,0.0158471886630642
50,1,0,1,0,-2,0.366666666666667,0,0,0,1e-14,0.001,1e+07,0,1,TRUE,TRUE,50,0.331717294593243,0.0230470938367466
50,1,0,1,0,-2,0.366666666666667,0,0,0,1e-14,0.001,1e+07,0,1,TRUE,TRUE,50,0.336857454707326,0.0148398525006502
50,1,0,1,0,-2,0.366666666666667,0,0,0,1e-14,0.001,1e+07,0,1,TRUE,TRUE,50,0.333358041891793,0.0148297649673822
50,1,0,1,0,-2,0.366666666666667,0,0,0,1e-14,0.001,1e+07,0,1,TRUE,TRUE,50,0.333674435903603,0.0142479885570772
50,1,0,1,0,-2,0.366666666666667,0,0,0,1e-14,0.001,1e+07,0,1,TRUE,TRUE,49,0.329350895374376,0.0198974747701522
50,1,0,1,0,-2,0.366666666666667,0,0,0,1e-14,0.001,1e+07,0,1,TRUE,TRUE,50,0.329974178481896,0.0224274108567481
50,1,0,1,0,-2,0.366666666666667,0,0,0,1e-14,0.001,1e+07,0,1,TRUE,TRUE,50,0.334188736563125,0.0130322395169521
50,1,0,1,0,-2,0.366666666666667,0,0,0,1e-14,0.001,1e+07,0,1,TRUE,TRUE,50,0.329138524994457,0.0220996335873084
50,1,0,1,0,-2,0.366666666666667,0,0,0,1e-14,0.001,1e+07,0,1,TRUE,TRUE,49,0.343982997578928,0.0223234972774074
50,1,0,1,0,-2,0.366666666666667,0,0,0,1e-14,0.001,1e+07,0,1,TRUE,TRUE,50,0.329300412527094,0.0184090796883536
50,1,0,1,0,-2,0.366666666666667,0,0,0,1e-14,0.001,1e+07,0,1,TRUE,TRUE,49,0.357011346850819,0.0221104432588664
50,1,0,1,0,-2,0.366666666666667,0,0,0,1e-14,0.001,1e+07,0,1,TRUE,TRUE,50,0.332486879386526,0.0171502616442063
50,1,0,1,0,-2,0.366666666666667,0,0,0,1e-14,0.001,1e+07,0,1,TRUE,TRUE,49,0.345986674642513,0.0208933835318919
50,1,0,1,0,-2,0.366666666666667,0,0,0,1e-14,0.001,1e+07,0,1,TRUE,TRUE,50,0.345130266199959,0.0232862358227744
50,1,0,1,0,-2,0.366666666666667,0,0,0,1e-14,0.001,1e+07,0,1,TRUE,TRUE,48,0.346384114126364,0.0179182548743447
50,1,0,1,0,-2,0.366666666666667,0,0,0,1e-14,0.001,1e+07,0,1,TRUE,TRUE,49,0.343596448759006,0.0219702651018266
50,1,0,1,0,-2,0.366666666666667,0,0,0,1e-14,0.001,1e+07,0,1,TRUE,TRUE,50,0.335268019991501,0.0207831804002295
50,1,0,1,0,-2,0.366666666666667,0,0,0,1e-14,0.001,1e+07,0,1,TRUE,TRUE,49,0.339750611218419,0.0225620619609433
50,1,0,1,0,-2,0.366666666666667,0,0,0,1e-14,0.001,1e+07,0,1,TRUE,TRUE,50,0.330551150869256,0.0212657151197235
50,1,0,1,0,-2,0.366666666666667,0,0,0,1e-14,0.001,1e+07,0,1,TRUE,TRUE,48,0.363472776500423,0.0286624207354543
50,1,0,1,0,-2,0.366666666666667,0,0,0,1e-14,0.001,1e+07,0,1,TRUE,TRUE,50,0.324898621952292,0.0112405475957822
50,1,0,1,0,-2,0.366666666666667,0,0,0,1e-14,0.001,1e+07,0,1,TRUE,TRUE,49,0.341383559403716,0.0132906321829827
50,1,0,1,0,-2,0.366666666666667,0,0,0,1e-14,0.001,1e+07,0,1,TRUE,TRUE,50,0.333167415000164,0.00820290967054539
50,1,0,1,0,-2,0.366666666666667,0,0,0,1e-14,0.001,1e+07,0,1,TRUE,TRUE,50,0.328137381321,0.0242990913115195
50,1,0,1,0,-2,0.366666666666667,0,0,0,1e-14,0.001,1e+07,0,1,TRUE,TRUE,50,0.337829522898838,0.0136069304602859
50,1,0,1,0,-2,0.366666666666667,0,0,0,1e-14,0.001,1e+07,0,1,TRUE,TRUE,50,0.334497462201505,0.0274776836209107
50,1,0,1,0,-2,0.366666666666667,0,0,0,1e-14,0.001,1e+07,0,1,TRUE,TRUE,50,0.33494233953424,0.0254853720200165
50,1,0,1,0,-2,0.366666666666667,0,0,0,1e-14,0.001,1e+07,0,1,TRUE,TRUE,50,0.334176449480153,0.0189591849042095
50,1,0,1,0,-2,0.366666666666667,0,0,0,1e-14,0.001,1e+07,0,1,TRUE,TRUE,50,0.334039625608284,0.0205089903482142
50,1,0,1,0,-2,0.366666666666667,0,0,0,1e-14,0.001,1e+07,0,1,TRUE,TRUE,48,0.343206466514564,0.0135722472528959
50,1,0,1,0,-2,0.366666666666667,0,0,0,1e-14,0.001,1e+07,0,1,TRUE,TRUE,49,0.341106728613798,0.0198974353568897
50,1,0,1,0,-2,0.366666666666667,0,0,0,1e-14,0.001,1e+07,0,1,TRUE,TRUE,50,0.333271303988005,0.0208082864247807
50,1,0,1,0,-2,0.366666666666667,0,0,0,1e-14,0.001,1e+07,0,1,TRUE,TRUE,50,0.317379523562485,0.010967329289366
50,1,0,1,0,-2,0.366666666666667,0,0,0,1e-14,0.001,1e+07,0,1,TRUE,TRUE,50,0.333846545709572,0.0150215395257941
50,1,0,1,0,-2,0.366666666666667,0,0,0,1e-14,0.001,1e+07,0,1,TRUE,TRUE,50,0.328510156000057,0.0158049525679956
50,1,0,1,0,-2,0.366666666666667,0,0,0,1e-14,0.001,1e+07,0,1,TRUE,TRUE,50,0.339024778789626,0.0229765265063951
50,1,0,1,0,-2,0.366666666666667,0,0,0,1e-14,0.001,1e+07,0,1,TRUE,TRUE,49,0.344649253411126,0.019532864028244
50,1,0,1,0,-2,0.366666666666667,0,0,0,1e-14,0.001,1e+07,0,1,TRUE,TRUE,50,0.339683840635994,0.0187949303700348
50,1,0,1,0,-2,0.366666666666667,0,0,0,1e-14,0.001,1e+07,0,1,TRUE,TRUE,49,0.350863261254639,0.0253889447262218
50,1,0,1,0,-2,0.366666666666667,0,0,0,1e-14,0.001,1e+07,0,1,TRUE,TRUE,50,0.336964648970559,0.0174672205268747
50,1,0,1,0,-2,0.366666666666667,0,0,0,1e-14,0.001,1e+07,0,1,TRUE,TRUE,50,0.33294049960655,0.0161806502897598
50,1,0,1,0,-2,0.366666666666667,0,0,0,1e-14,0.001,1e+07,0,1,TRUE,TRUE,49,0.330931350448566,0.0192539087135946
50,1,0,1,0,-2,0.366666666666667,0,0,0,1e-14,0.001,1e+07,0,1,TRUE,TRUE,49,0.337347339354535,0.0115023878510808
50,1,0,1,0,-2,0.366666666666667,0,0,0,1e-14,0.001,1e+07,0,1,TRUE,TRUE,50,0.32385772345464,0.0190612546220381
50,1,0,1,0,-2,0.366666666666667,0,0,0,1e-14,0.001,1e+07,0,1,TRUE,TRUE,48,0.352437301714574,0.0182226335804447
50,1,0,1,0,-2,0.366666666666667,0,0,0,1e-14,0.001,1e+07,0,1,TRUE,TRUE,49,0.341063493213612,0.0131168574713369
50,1,0,1,0,-2,0.366666666666667,0,0,0,1e-14,0.001,1e+07,0,1,TRUE,TRUE,50,0.338970693171448,0.0144215393053616
50,1,0,1,0,-2,0.366666666666667,0,0,0,1e-14,0.001,1e+07,0,1,TRUE,TRUE,50,0.332922177127772,0.0140275836484448
50,1,0,1,0,-2,0.366666666666667,0,0,0,1e-14,0.001,1e+07,0,1,TRUE,TRUE,48,0.346496539279807,0.0165116570834114
50,1,0,1,0,-2,0.422222222222222,0,0,0,1e-14,0.001,1e+07,0,1,TRUE,TRUE,50,0.330439573800813,0.020527497333347
50,1,0,1,0,-2,0.422222222222222,0,0,0,1e-14,0.001,1e+07,0,1,TRUE,TRUE,47,0.345276312866259,0.0228392778666847
50,1,0,1,0,-2,0.422222222222222,0,0,0,1e-14,0.001,1e+07,0,1,TRUE,TRUE,49,0.331505378180703,0.0157639689447389
50,1,0,1,0,-2,0.422222222222222,0,0,0,1e-14,0.001,1e+07,0,1,TRUE,TRUE,49,0.323530602730253,0.025434981418341
50,1,0,1,0,-2,0.422222222222222,0,0,0,1e-14,0.001,1e+07,0,1,TRUE,TRUE,48,0.353821645157496,0.0251477727508466
50,1,0,1,0,-2,0.422222222222222,0,0,0,1e-14,0.001,1e+07,0,1,TRUE,TRUE,48,0.346329935442064,0.0224808230467053
50,1,0,1,0,-2,0.422222222222222,0,0,0,1e-14,0.001,1e+07,0,1,TRUE,TRUE,46,0.369690505547132,0.0230658501176425
50,1,0,1,0,-2,0.422222222222222,0,0,0,1e-14,0.001,1e+07,0,1,TRUE,TRUE,48,0.347690629218397,0.0221267748724158
50,1,0,1,0,-2,0.422222222222222,0,0,0,1e-14,0.001,1e+07,0,1,TRUE,TRUE,48,0.353508513368735,0.0222685420415818
50,1,0,1,0,-2,0.422222222222222,0,0,0,1e-14,0.001,1e+07,0,1,TRUE,TRUE,50,0.329979285456322,0.020375307977236
50,1,0,1,0,-2,0.422222222222222,0,0,0,1e-14,0.001,1e+07,0,1,TRUE,TRUE,48,0.366236361971522,0.0188499180557839
50,1,0,1,0,-2,0.422222222222222,0,0,0,1e-14,0.001,1e+07,0,1,TRUE,TRUE,49,0.341395934120477,0.026708661670365
50,1,0,1,0,-2,0.422222222222222,0,0,0,1e-14,0.001,1e+07,0,1,TRUE,TRUE,48,0.347903451020794,0.0245611961705871
50,1,0,1,0,-2,0.422222222222222,0,0,0,1e-14,0.001,1e+07,0,1,TRUE,TRUE,49,0.347012729249436,0.0190516730628171
50,1,0,1,0,-2,0.422222222222222,0,0,0,1e-14,0.001,1e+07,0,1,TRUE,TRUE,50,0.333677266012831,0.0181976723864064
50,1,0,1,0,-2,0.422222222222222,0,0,0,1e-14,0.001,1e+07,0,1,TRUE,TRUE,50,0.338555356143766,0.0371010995536242
50,1,0,1,0,-2,0.422222222222222,0,0,0,1e-14,0.001,1e+07,0,1,TRUE,TRUE,49,0.337397343662192,0.0216756022870721
50,1,0,1,0,-2,0.422222222222222,0,0,0,1e-14,0.001,1e+07,0,1,TRUE,TRUE,48,0.349574627906824,0.0180342741531554
50,1,0,1,0,-2,0.422222222222222,0,0,0,1e-14,0.001,1e+07,0,1,TRUE,TRUE,49,0.345827513716702,0.0270200476356257
50,1,0,1,0,-2,0.422222222222222,0,0,0,1e-14,0.001,1e+07,0,1,TRUE,TRUE,48,0.341822422461798,0.0225014137125989
50,1,0,1,0,-2,0.422222222222222,0,0,0,1e-14,0.001,1e+07,0,1,TRUE,TRUE,49,0.350051080832939,0.0263399654772242
50,1,0,1,0,-2,0.422222222222222,0,0,0,1e-14,0.001,1e+07,0,1,TRUE,TRUE,48,0.351454162416765,0.0203662495134478
50,1,0,1,0,-2,0.422222222222222,0,0,0,1e-14,0.001,1e+07,0,1,TRUE,TRUE,49,0.348101656406956,0.0230614205108333
50,1,0,1,0,-2,0.422222222222222,0,0,0,1e-14,0.001,1e+07,0,1,TRUE,TRUE,48,0.345378198047267,0.0205419874753976
50,1,0,1,0,-2,0.422222222222222,0,0,0,1e-14,0.001,1e+07,0,1,TRUE,TRUE,48,0.34507450810021,0.0199066766837537
50,1,0,1,0,-2,0.422222222222222,0,0,0,1e-14,0.001,1e+07,0,1,TRUE,TRUE,49,0.341619220734779,0.0156603008483029
50,1,0,1,0,-2,0.422222222222222,0,0,0,1e-14,0.001,1e+07,0,1,TRUE,TRUE,46,0.385126055804935,0.0227512257300288
50,1,0,1,0,-2,0.422222222222222,0,0,0,1e-14,0.001,1e+07,0,1,TRUE,TRUE,49,0.329257353387584,0.0308583079172161
50,1,0,1,0,-2,0.422222222222222,0,0,0,1e-14,0.001,1e+07,0,1,TRUE,TRUE,49,0.345182427308977,0.0181323068523475
50,1,0,1,0,-2,0.422222222222222,0,0,0,1e-14,0.001,1e+07,0,1,TRUE,TRUE,48,0.355522531678433,0.024717136886111
50,1,0,1,0,-2,0.422222222222222,0,0,0,1e-14,0.001,1e+07,0,1,TRUE,TRUE,49,0.337457400160674,0.0189419233270705
50,1,0,1,0,-2,0.422222222222222,0,0,0,1e-14,0.001,1e+07,0,1,TRUE,TRUE,48,0.343419842189644,0.0264312661864934
50,1,0,1,0,-2,0.422222222222222,0,0,0,1e-14,0.001,1e+07,0,1,TRUE,TRUE,50,0.330488524827765,0.0184106677927483
50,1,0,1,0,-2,0.422222222222222,0,0,0,1e-14,0.001,1e+07,0,1,TRUE,TRUE,49,0.335622757773866,0.0126405772812952
50,1,0,1,0,-2,0.422222222222222,0,0,0,1e-14,0.001,1e+07,0,1,TRUE,TRUE,49,0.345542396594787,0.0214024048736125
50,1,0,1,0,-2,0.422222222222222,0,0,0,1e-14,0.001,1e+07,0,1,TRUE,TRUE,49,0.338665783089227,0.024226875404714
50,1,0,1,0,-2,0.422222222222222,0,0,0,1e-14,0.001,1e+07,0,1,TRUE,TRUE,49,0.335505622454287,0.0223844337309217
50,1,0,1,0,-2,0.422222222222222,0,0,0,1e-14,0.001,1e+07,0,1,TRUE,TRUE,48,0.339071824182,0.0248108275589683
50,1,0,1,0,-2,0.422222222222222,0,0,0,1e-14,0.001,1e+07,0,1,TRUE,TRUE,50,0.33384686288537,0.0180175483208638
50,1,0,1,0,-2,0.422222222222222,0,0,0,1e-14,0.001,1e+07,0,1,TRUE,TRUE,49,0.344712377713247,0.0286368212994231
50,1,0,1,0,-2,0.422222222222222,0,0,0,1e-14,0.001,1e+07,0,1,TRUE,TRUE,48,0.347834037484982,0.0184597486257184
50,1,0,1,0,-2,0.422222222222222,0,0,0,1e-14,0.001,1e+07,0,1,TRUE,TRUE,49,0.343468226894124,0.0177696514664702
50,1,0,1,0,-2,0.422222222222222,0,0,0,1e-14,0.001,1e+07,0,1,TRUE,TRUE,50,0.331671683388735,0.0214417782203085
50,1,0,1,0,-2,0.422222222222222,0,0,0,1e-14,0.001,1e+07,0,1,TRUE,TRUE,48,0.35434311873533,0.022260752416901
50,1,0,1,0,-2,0.422222222222222,0,0,0,1e-14,0.001,1e+07,0,1,TRUE,TRUE,50,0.321235285376145,0.0178645595513841
50,1,0,1,0,-2,0.422222222222222,0,0,0,1e-14,0.001,1e+07,0,1,TRUE,TRUE,49,0.336137406894753,0.0236398492008236
50,1,0,1,0,-2,0.422222222222222,0,0,0,1e-14,0.001,1e+07,0,1,TRUE,TRUE,49,0.329839499708625,0.0174971445621503
50,1,0,1,0,-2,0.422222222222222,0,0,0,1e-14,0.001,1e+07,0,1,TRUE,TRUE,50,0.332647362546437,0.0204969100370058
50,1,0,1,0,-2,0.422222222222222,0,0,0,1e-14,0.001,1e+07,0,1,TRUE,TRUE,49,0.346506995927841,0.0246136665115005
50,1,0,1,0,-2,0.422222222222222,0,0,0,1e-14,0.001,1e+07,0,1,TRUE,TRUE,48,0.347128748391302,0.0304604313697201
50,1,0,1,0,-2,0.477777777777778,0,0,0,1e-14,0.001,1e+07,0,1,TRUE,TRUE,50,0.336257788109698,0.0392857221174431
50,1,0,1,0,-2,0.477777777777778,0,0,0,1e-14,0.001,1e+07,0,1,TRUE,TRUE,46,0.382880867451663,0.0441639650926591
50,1,0,1,0,-2,0.477777777777778,0,0,0,1e-14,0.001,1e+07,0,1,TRUE,TRUE,49,0.331780875607762,0.0347757595244594
50,1,0,1,0,-2,0.477777777777778,0,0,0,1e-14,0.001,1e+07,0,1,TRUE,TRUE,49,0.341142289590187,0.0308105794763297
50,1,0,1,0,-2,0.477777777777778,0,0,0,1e-14,0.001,1e+07,0,1,TRUE,TRUE,47,0.343078318919653,0.0347799585896237
50,1,0,1,0,-2,0.477777777777778,0,0,0,1e-14,0.001,1e+07,0,1,TRUE,TRUE,47,0.349523418906076,0.0321451791946948
50,1,0,1,0,-2,0.477777777777778,0,0,0,1e-14,0.001,1e+07,0,1,TRUE,TRUE,48,0.329716955946467,0.0196588589420461
50,1,0,1,0,-2,0.477777777777778,0,0,0,1e-14,0.001,1e+07,0,1,TRUE,TRUE,47,0.35455331870095,0.0261603183239115
50,1,0,1,0,-2,0.477777777777778,0,0,0,1e-14,0.001,1e+07,0,1,TRUE,TRUE,46,0.359168536831257,0.0186773099437747
50,1,0,1,0,-2,0.477777777777778,0,0,0,1e-14,0.001,1e+07,0,1,TRUE,TRUE,48,0.356008736767925,0.0231393209729001
50,1,0,1,0,-2,0.477777777777778,0,0,0,1e-14,0.001,1e+07,0,1,TRUE,TRUE,50,0.331089450720098,0.0314880142711348
50,1,0,1,0,-2,0.477777777777778,0,0,0,1e-14,0.001,1e+07,0,1,TRUE,TRUE,49,0.341850227487998,0.0263329941727727
50,1,0,1,0,-2,0.477777777777778,0,0,0,1e-14,0.001,1e+07,0,1,TRUE,TRUE,46,0.370050113166001,0.0280494475444754
50,1,0,1,0,-2,0.477777777777778,0,0,0,1e-14,0.001,1e+07,0,1,TRUE,TRUE,48,0.338961436343441,0.0275942406355976
50,1,0,1,0,-2,0.477777777777778,0,0,0,1e-14,0.001,1e+07,0,1,TRUE,TRUE,49,0.339288990166044,0.0223964196670242
50,1,0,1,0,-2,0.477777777777778,0,0,0,1e-14,0.001,1e+07,0,1,TRUE,TRUE,50,0.341589613196063,0.0211955842373632
50,1,0,1,0,-2,0.477777777777778,0,0,0,1e-14,0.001,1e+07,0,1,TRUE,TRUE,46,0.359954236917304,0.0442941349497616
50,1,0,1,0,-2,0.477777777777778,0,0,0,1e-14,0.001,1e+07,0,1,TRUE,TRUE,47,0.364002401712318,0.0416429699055188
50,1,0,1,0,-2,0.477777777777778,0,0,0,1e-14,0.001,1e+07,0,1,TRUE,TRUE,48,0.342219284541026,0.0193479798223463
50,1,0,1,0,-2,0.477777777777778,0,0,0,1e-14,0.001,1e+07,0,1,TRUE,TRUE,48,0.343952703057556,0.030887851232513
50,1,0,1,0,-2,0.477777777777778,0,0,0,1e-14,0.001,1e+07,0,1,TRUE,TRUE,48,0.353304153352323,0.0401246372534172
50,1,0,1,0,-2,0.477777777777778,0,0,0,1e-14,0.001,1e+07,0,1,TRUE,TRUE,47,0.352848482718872,0.0272238505877592
50,1,0,1,0,-2,0.477777777777778,0,0,0,1e-14,0.001,1e+07,0,1,TRUE,TRUE,48,0.345644752774329,0.0407935143944313
50,1,0,1,0,-2,0.477777777777778,0,0,0,1e-14,0.001,1e+07,0,1,TRUE,TRUE,49,0.351568988384535,0.0251701647769167
50,1,0,1,0,-2,0.477777777777778,0,0,0,1e-14,0.001,1e+07,0,1,TRUE,TRUE,49,0.354273901836835,0.0267478031370832
50,1,0,1,0,-2,0.477777777777778,0,0,0,1e-14,0.001,1e+07,0,1,TRUE,TRUE,48,0.34144235398689,0.0289299212473481
50,1,0,1,0,-2,0.477777777777778,0,0,0,1e-14,0.001,1e+07,0,1,TRUE,TRUE,48,0.33756625136581,0.025839259276988
50,1,0,1,0,-2,0.477777777777778,0,0,0,1e-14,0.001,1e+07,0,1,TRUE,TRUE,50,0.335205489545847,0.0261566588823178
50,1,0,1,0,-2,0.477777777777778,0,0,0,1e-14,0.001,1e+07,0,1,TRUE,TRUE,47,0.350339179708654,0.0322923506138629
50,1,0,1,0,-2,0.477777777777778,0,0,0,1e-14,0.001,1e+07,0,1,TRUE,TRUE,49,0.334188515340649,0.0235507676830658
50,1,0,1,0,-2,0.477777777777778,0,0,0,1e-14,0.001,1e+07,0,1,TRUE,TRUE,48,0.347140584492712,0.0304621496781333
50,1,0,1,0,-2,0.477777777777778,0,0,0,1e-14,0.001,1e+07,0,1,TRUE,TRUE,48,0.338161161518222,0.0210273543584736
50,1,0,1,0,-2,0.477777777777778,0,0,0,1e-14,0.001,1e+07,0,1,TRUE,TRUE,48,0.357990513309767,0.0290265114343396
50,1,0,1,0,-2,0.477777777777778,0,0,0,1e-14,0.001,1e+07,0,1,TRUE,TRUE,48,0.324742655523839,0.024998189736161
50,1,0,1,0,-2,0.477777777777778,0,0,0,1e-14,0.001,1e+07,0,1,TRUE,TRUE,50,0.339981630685942,0.0244682829763984
50,1,0,1,0,-2,0.477777777777778,0,0,0,1e-14,0.001,1e+07,0,1,TRUE,TRUE,46,0.369130893315467,0.0353392367571513
50,1,0,1,0,-2,0.477777777777778,0,0,0,1e-14,0.001,1e+07,0,1,TRUE,TRUE,49,0.353719547979645,0.0376834934784642
50,1,0,1,0,-2,0.477777777777778,0,0,0,1e-14,0.001,1e+07,0,1,TRUE,TRUE,47,0.340933868650971,0.0250307794408
50,1,0,1,0,-2,0.477777777777778,0,0,0,1e-14,0.001,1e+07,0,1,TRUE,TRUE,50,0.331537529879484,0.0256269855562035
50,1,0,1,0,-2,0.477777777777778,0,0,0,1e-14,0.001,1e+07,0,1,TRUE,TRUE,50,0.33633850614477,0.0189422617871436
50,1,0,1,0,-2,0.477777777777778,0,0,0,1e-14,0.001,1e+07,0,1,TRUE,TRUE,49,0.343500754898705,0.0320589318522074
50,1,0,1,0,-2,0.477777777777778,0,0,0,1e-14,0.001,1e+07,0,1,TRUE,TRUE,49,0.323547259475794,0.0159259807784729
50,1,0,1,0,-2,0.477777777777778,0,0,0,1e-14,0.001,1e+07,0,1,TRUE,TRUE,49,0.325461721042097,0.0203795522024309
50,1,0,1,0,-2,0.477777777777778,0,0,0,1e-14,0.001,1e+07,0,1,TRUE,TRUE,48,0.368101931319354,0.0363325165743366
50,1,0,1,0,-2,0.477777777777778,0,0,0,1e-14,0.001,1e+07,0,1,TRUE,TRUE,48,0.360907896230044,0.0547651196001799
50,1,0,1,0,-2,0.477777777777778,0,0,0,1e-14,0.001,1e+07,0,1,TRUE,TRUE,48,0.359652923031798,0.0266511280026912
50,1,0,1,0,-2,0.477777777777778,0,0,0,1e-14,0.001,1e+07,0,1,TRUE,TRUE,47,0.360103500214724,0.0320448063231187
50,1,0,1,0,-2,0.477777777777778,0,0,0,1e-14,0.001,1e+07,0,1,TRUE,TRUE,48,0.357863770379231,0.0292224985043593
50,1,0,1,0,-2,0.477777777777778,0,0,0,1e-14,0.001,1e+07,0,1,TRUE,TRUE,49,0.344427692726209,0.0285964631816402
50,1,0,1,0,-2,0.477777777777778,0,0,0,1e-14,0.001,1e+07,0,1,TRUE,TRUE,48,0.341870568602835,0.0264664245521173
50,1,0,1,0,-2,0.533333333333333,0,0,0,1e-14,0.001,1e+07,0,1,TRUE,TRUE,45,0.372608394796294,0.0295549477921489
50,1,0,1,0,-2,0.533333333333333,0,0,0,1e-14,0.001,1e+07,0,1,TRUE,TRUE,48,0.354695263983517,0.041439842634443
50,1,0,1,0,-2,0.533333333333333,0,0,0,1e-14,0.001,1e+07,0,1,TRUE,TRUE,49,0.324340550106485,0.0346323334585101
50,1,0,1,0,-2,0.533333333333333,0,0,0,1e-14,0.001,1e+07,0,1,TRUE,TRUE,45,0.35819082363738,0.0407377809241677
50,1,0,1,0,-2,0.533333333333333,0,0,0,1e-14,0.001,1e+07,0,1,TRUE,TRUE,47,0.374640810352187,0.0266328284288384
50,1,0,1,0,-2,0.533333333333333,0,0,0,1e-14,0.001,1e+07,0,1,TRUE,TRUE,45,0.366511285157524,0.0246400695323061
50,1,0,1,0,-2,0.533333333333333,0,0,0,1e-14,0.001,1e+07,0,1,TRUE,TRUE,47,0.361629668858437,0.0365219890972538
50,1,0,1,0,-2,0.533333333333333,0,0,0,1e-14,0.001,1e+07,0,1,TRUE,TRUE,49,0.36115311448315,0.0454350797754045
50,1,0,1,0,-2,0.533333333333333,0,0,0,1e-14,0.001,1e+07,0,1,TRUE,TRUE,48,0.3539096075918,0.0299889784301362
50,1,0,1,0,-2,0.533333333333333,0,0,0,1e-14,0.001,1e+07,0,1,TRUE,TRUE,50,0.318270416727795,0.0227817752421677
50,1,0,1,0,-2,0.533333333333333,0,0,0,1e-14,0.001,1e+07,0,1,TRUE,TRUE,49,0.339346737278292,0.0338845607659578
50,1,0,1,0,-2,0.533333333333333,0,0,0,1e-14,0.001,1e+07,0,1,TRUE,TRUE,47,0.359121984364949,0.0269813490595919
50,1,0,1,0,-2,0.533333333333333,0,0,0,1e-14,0.001,1e+07,0,1,TRUE,TRUE,49,0.331665286408941,0.0327191088082173
50,1,0,1,0,-2,0.533333333333333,0,0,0,1e-14,0.001,1e+07,0,1,TRUE,TRUE,45,0.361779850508229,0.0335574252306173
50,1,0,1,0,-2,0.533333333333333,0,0,0,1e-14,0.001,1e+07,0,1,TRUE,TRUE,46,0.373508017013154,0.0485868797151864
50,1,0,1,0,-2,0.533333333333333,0,0,0,1e-14,0.001,1e+07,0,1,TRUE,TRUE,48,0.351156947664153,0.0383201216145162
50,1,0,1,0,-2,0.533333333333333,0,0,0,1e-14,0.001,1e+07,0,1,TRUE,TRUE,47,0.343551539559542,0.0325112900903168
50,1,0,1,0,-2,0.533333333333333,0,0,0,1e-14,0.001,1e+07,0,1,TRUE,TRUE,47,0.370320816316292,0.0304809982613955
50,1,0,1,0,-2,0.533333333333333,0,0,0,1e-14,0.001,1e+07,0,1,TRUE,TRUE,48,0.345188511838672,0.050170679218752
50,1,0,1,0,-2,0.533333333333333,0,0,0,1e-14,0.001,1e+07,0,1,TRUE,TRUE,45,0.365215313345535,0.0328940149197198
50,1,0,1,0,-2,0.533333333333333,0,0,0,1e-14,0.001,1e+07,0,1,TRUE,TRUE,44,0.368452592456713,0.0411346497019083
50,1,0,1,0,-2,0.533333333333333,0,0,0,1e-14,0.001,1e+07,0,1,TRUE,TRUE,46,0.374039872143965,0.0306358740905241
50,1,0,1,0,-2,0.533333333333333,0,0,0,1e-14,0.001,1e+07,0,1,TRUE,TRUE,46,0.359932343375884,0.0301182432324464
50,1,0,1,0,-2,0.533333333333333,0,0,0,1e-14,0.001,1e+07,0,1,TRUE,TRUE,47,0.330957450399472,0.0372001952168654
50,1,0,1,0,-2,0.533333333333333,0,0,0,1e-14,0.001,1e+07,0,1,TRUE,TRUE,47,0.361409934165982,0.0370141050020449
50,1,0,1,0,-2,0.533333333333333,0,0,0,1e-14,0.001,1e+07,0,1,TRUE,TRUE,48,0.34965171553802,0.0314212671277177
50,1,0,1,0,-2,0.533333333333333,0,0,0,1e-14,0.001,1e+07,0,1,TRUE,TRUE,49,0.351809678806881,0.0262300244051489
50,1,0,1,0,-2,0.533333333333333,0,0,0,1e-14,0.001,1e+07,0,1,TRUE,TRUE,49,0.341694500712958,0.0300108990536993
50,1,0,1,0,-2,0.533333333333333,0,0,0,1e-14,0.001,1e+07,0,1,TRUE,TRUE,49,0.338695217589781,0.037686377438363
50,1,0,1,0,-2,0.533333333333333,0,0,0,1e-14,0.001,1e+07,0,1,TRUE,TRUE,45,0.361071932523379,0.0390595082788321
50,1,0,1,0,-2,0.533333333333333,0,0,0,1e-14,0.001,1e+07,0,1,TRUE,TRUE,46,0.351989491430757,0.0460984773609893
50,1,0,1,0,-2,0.533333333333333,0,0,0,1e-14,0.001,1e+07,0,1,TRUE,TRUE,46,0.364034432172501,0.0380413776279344
50,1,0,1,0,-2,0.533333333333333,0,0,0,1e-14,0.001,1e+07,0,1,TRUE,TRUE,48,0.358630209233482,0.0407782914996663
50,1,0,1,0,-2,0.533333333333333,0,0,0,1e-14,0.001,1e+07,0,1,TRUE,TRUE,48,0.353950113432488,0.0345534758719801
50,1,0,1,0,-2,0.533333333333333,0,0,0,1e-14,0.001,1e+07,0,1,TRUE,TRUE,48,0.356213010877647,0.0370156370795595
50,1,0,1,0,-2,0.533333333333333,0,0,0,1e-14,0.001,1e+07,0,1,TRUE,TRUE,48,0.326922050538683,0.0213204904544209
50,1,0,1,0,-2,0.533333333333333,0,0,0,1e-14,0.001,1e+07,0,1,TRUE,TRUE,47,0.35305999406206,0.0523073445937266
50,1,0,1,0,-2,0.533333333333333,0,0,0,1e-14,0.001,1e+07,0,1,TRUE,TRUE,48,0.342837023845773,0.0342257815779663
50,1,0,1,0,-2,0.533333333333333,0,0,0,1e-14,0.001,1e+07,0,1,TRUE,TRUE,48,0.340601913380369,0.0337199781181528
50,1,0,1,0,-2,0.533333333333333,0,0,0,1e-14,0.001,1e+07,0,1,TRUE,TRUE,47,0.367871304077454,0.0358711325184278
50,1,0,1,0,-2,0.533333333333333,0,0,0,1e-14,0.001,1e+07,0,1,TRUE,TRUE,45,0.386643480253665,0.0405338236759639
50,1,0,1,0,-2,0.533333333333333,0,0,0,1e-14,0.001,1e+07,0,1,TRUE,TRUE,44,0.376750138591077,0.0291193590115691
50,1,0,1,0,-2,0.533333333333333,0,0,0,1e-14,0.001,1e+07,0,1,TRUE,TRUE,46,0.364792375108319,0.0352124087839728
50,1,0,1,0,-2,0.533333333333333,0,0,0,1e-14,0.001,1e+07,0,1,TRUE,TRUE,48,0.340668251267809,0.0390472539956772
50,1,0,1,0,-2,0.533333333333333,0,0,0,1e-14,0.001,1e+07,0,1,TRUE,TRUE,45,0.392738232152148,0.0520812486573458
50,1,0,1,0,-2,0.533333333333333,0,0,0,1e-14,0.001,1e+07,0,1,TRUE,TRUE,48,0.329827305520002,0.0339869688079719
50,1,0,1,0,-2,0.533333333333333,0,0,0,1e-14,0.001,1e+07,0,1,TRUE,TRUE,46,0.370093795672618,0.0373773295340434
50,1,0,1,0,-2,0.533333333333333,0,0,0,1e-14,0.001,1e+07,0,1,TRUE,TRUE,47,0.365014868315539,0.0239148721804408
50,1,0,1,0,-2,0.533333333333333,0,0,0,1e-14,0.001,1e+07,0,1,TRUE,TRUE,47,0.343752473698935,0.0337512094704778
50,1,0,1,0,-2,0.533333333333333,0,0,0,1e-14,0.001,1e+07,0,1,TRUE,TRUE,42,0.38616546569022,0.0324983699489876
50,1,0,1,0,-2,0.588888888888889,0,0,0,1e-14,0.001,1e+07,0,1,TRUE,TRUE,45,0.357999287664372,0.035265426304781
50,1,0,1,0,-2,0.588888888888889,0,0,0,1e-14,0.001,1e+07,0,1,TRUE,TRUE,49,0.333488203974048,0.0237092395275598
50,1,0,1,0,-2,0.588888888888889,0,0,0,1e-14,0.001,1e+07,0,1,TRUE,TRUE,45,0.370015607712373,0.0329900880450201
50,1,0,1,0,-2,0.588888888888889,0,0,0,1e-14,0.001,1e+07,0,1,TRUE,TRUE,46,0.349567921527717,0.0369738500831621
50,1,0,1,0,-2,0.588888888888889,0,0,0,1e-14,0.001,1e+07,0,1,TRUE,TRUE,44,0.390210368511429,0.0373396262138721
50,1,0,1,0,-2,0.588888888888889,0,0,0,1e-14,0.001,1e+07,0,1,TRUE,TRUE,44,0.382276130616103,0.0518734918721834
50,1,0,1,0,-2,0.588888888888889,0,0,0,1e-14,0.001,1e+07,0,1,TRUE,TRUE,49,0.333867158093892,0.0237067929479507
50,1,0,1,0,-2,0.588888888888889,0,0,0,1e-14,0.001,1e+07,0,1,TRUE,TRUE,43,0.395136319911535,0.0512884822347775
50,1,0,1,0,-2,0.588888888888889,0,0,0,1e-14,0.001,1e+07,0,1,TRUE,TRUE,45,0.372727536657869,0.0374412791764962
50,1,0,1,0,-2,0.588888888888889,0,0,0,1e-14,0.001,1e+07,0,1,TRUE,TRUE,45,0.376450434925577,0.0469530456172728
50,1,0,1,0,-2,0.588888888888889,0,0,0,1e-14,0.001,1e+07,0,1,TRUE,TRUE,49,0.341037854182913,0.0231939575872201
50,1,0,1,0,-2,0.588888888888889,0,0,0,1e-14,0.001,1e+07,0,1,TRUE,TRUE,42,0.400897629241471,0.0434858065525525
50,1,0,1,0,-2,0.588888888888889,0,0,0,1e-14,0.001,1e+07,0,1,TRUE,TRUE,45,0.385629717250377,0.039216499267373
50,1,0,1,0,-2,0.588888888888889,0,0,0,1e-14,0.001,1e+07,0,1,TRUE,TRUE,45,0.361894358305533,0.0628146702174959
50,1,0,1,0,-2,0.588888888888889,0,0,0,1e-14,0.001,1e+07,0,1,TRUE,TRUE,49,0.325172866587695,0.0289556173230268
50,1,0,1,0,-2,0.588888888888889,0,0,0,1e-14,0.001,1e+07,0,1,TRUE,TRUE,47,0.339298083611229,0.0375470041925186
50,1,0,1,0,-2,0.588888888888889,0,0,0,1e-14,0.001,1e+07,0,1,TRUE,TRUE,43,0.397757722734307,0.0543244957807293
50,1,0,1,0,-2,0.588888888888889,0,0,0,1e-14,0.001,1e+07,0,1,TRUE,TRUE,48,0.349587531341913,0.0430878269933608
50,1,0,1,0,-2,0.588888888888889,0,0,0,1e-14,0.001,1e+07,0,1,TRUE,TRUE,48,0.361339443471983,0.0265657904456861
50,1,0,1,0,-2,0.588888888888889,0,0,0,1e-14,0.001,1e+07,0,1,TRUE,TRUE,44,0.387908027989346,0.0482291396213212
50,1,0,1,0,-2,0.588888888888889,0,0,0,1e-14,0.001,1e+07,0,1,TRUE,TRUE,47,0.35092418185251,0.0328312289292465
50,1,0,1,0,-2,0.588888888888889,0,0,0,1e-14,0.001,1e+07,0,1,TRUE,TRUE,46,0.371441763306472,0.0434240828312122
50,1,0,1,0,-2,0.588888888888889,0,0,0,1e-14,0.001,1e+07,0,1,TRUE,TRUE,45,0.360460459741112,0.0449525814054593
50,1,0,1,0,-2,0.588888888888889,0,0,0,1e-14,0.001,1e+07,0,1,TRUE,TRUE,47,0.356618399016805,0.040932061299496
50,1,0,1,0,-2,0.588888888888889,0,0,0,1e-14,0.001,1e+07,0,1,TRUE,TRUE,42,0.426119360631326,0.066606941052433
50,1,0,1,0,-2,0.588888888888889,0,0,0,1e-14,0.001,1e+07,0,1,TRUE,TRUE,44,0.370881646441769,0.0445143964830462
50,1,0,1,0,-2,0.588888888888889,0,0,0,1e-14,0.001,1e+07,0,1,TRUE,TRUE,46,0.380172203621304,0.0454575634695653
50,1,0,1,0,-2,0.588888888888889,0,0,0,1e-14,0.001,1e+07,0,1,TRUE,TRUE,41,0.388576370488132,0.0383898625491515
50,1,0,1,0,-2,0.588888888888889,0,0,0,1e-14,0.001,1e+07,0,1,TRUE,TRUE,48,0.343565872828208,0.0412817027522529
50,1,0,1,0,-2,0.588888888888889,0,0,0,1e-14,0.001,1e+07,0,1,TRUE,TRUE,47,0.360430578643235,0.022115927124334
50,1,0,1,0,-2,0.588888888888889,0,0,0,1e-14,0.001,1e+07,0,1,TRUE,TRUE,46,0.371304964456829,0.0519300947199405
50,1,0,1,0,-2,0.588888888888889,0,0,0,1e-14,0.001,1e+07,0,1,TRUE,TRUE,45,0.380099105658766,0.0599987018903378
50,1,0,1,0,-2,0.588888888888889,0,0,0,1e-14,0.001,1e+07,0,1,TRUE,TRUE,41,0.398412929276303,0.0659885943425523
50,1,0,1,0,-2,0.588888888888889,0,0,0,1e-14,0.001,1e+07,0,1,TRUE,TRUE,46,0.36647988859555,0.0424314922121214
50,1,0,1,0,-2,0.588888888888889,0,0,0,1e-14,0.001,1e+07,0,1,TRUE,TRUE,44,0.403268076228772,0.0482158605012908
50,1,0,1,0,-2,0.588888888888889,0,0,0,1e-14,0.001,1e+07,0,1,TRUE,TRUE,44,0.411460396954644,0.0463213350154355
50,1,0,1,0,-2,0.588888888888889,0,0,0,1e-14,0.001,1e+07,0,1,TRUE,TRUE,48,0.351903918263099,0.0424563001816993
50,1,0,1,0,-2,0.588888888888889,0,0,0,1e-14,0.001,1e+07,0,1,TRUE,TRUE,48,0.337369129528998,0.0344728765599483
50,1,0,1,0,-2,0.588888888888889,0,0,0,1e-14,0.001,1e+07,0,1,TRUE,TRUE,43,0.372900902058784,0.0469864637216692
50,1,0,1,0,-2,0.588888888888889,0,0,0,1e-14,0.001,1e+07,0,1,TRUE,TRUE,43,0.409512885757748,0.0628806312628347
50,1,0,1,0,-2,0.588888888888889,0,0,0,1e-14,0.001,1e+07,0,1,TRUE,TRUE,46,0.371857702759956,0.0424800900626305
50,1,0,1,0,-2,0.588888888888889,0,0,0,1e-14,0.001,1e+07,0,1,TRUE,TRUE,44,0.389738764315604,0.0551338746701249
50,1,0,1,0,-2,0.588888888888889,0,0,0,1e-14,0.001,1e+07,0,1,TRUE,TRUE,45,0.385321494465537,0.052773650115128
50,1,0,1,0,-2,0.588888888888889,0,0,0,1e-14,0.001,1e+07,0,1,TRUE,TRUE,45,0.398191986082628,0.0646365410118581
50,1,0,1,0,-2,0.588888888888889,0,0,0,1e-14,0.001,1e+07,0,1,TRUE,TRUE,47,0.354270390428239,0.0317619900006665
50,1,0,1,0,-2,0.588888888888889,0,0,0,1e-14,0.001,1e+07,0,1,TRUE,TRUE,47,0.358629647054016,0.0280544691122895
50,1,0,1,0,-2,0.588888888888889,0,0,0,1e-14,0.001,1e+07,0,1,TRUE,TRUE,47,0.345565794328996,0.0296159353527957
50,1,0,1,0,-2,0.588888888888889,0,0,0,1e-14,0.001,1e+07,0,1,TRUE,TRUE,47,0.368967117049806,0.0456774380366054
50,1,0,1,0,-2,0.588888888888889,0,0,0,1e-14,0.001,1e+07,0,1,TRUE,TRUE,47,0.358037475399804,0.034515335853084
50,1,0,1,0,-2,0.588888888888889,0,0,0,1e-14,0.001,1e+07,0,1,TRUE,TRUE,40,0.438325698811755,0.0689628984643794
50,1,0,1,0,-2,0.644444444444444,0,0,0,1e-14,0.001,1e+07,0,1,TRUE,TRUE,44,0.389072900101224,0.0638937947132632
50,1,0,1,0,-2,0.644444444444444,0,0,0,1e-14,0.001,1e+07,0,1,TRUE,TRUE,46,0.339949353998301,0.0274168484080741
50,1,0,1,0,-2,0.644444444444444,0,0,0,1e-14,0.001,1e+07,0,1,TRUE,TRUE,45,0.397625849791265,0.0650264592130659
50,1,0,1,0,-2,0.644444444444444,0,0,0,1e-14,0.001,1e+07,0,1,TRUE,TRUE,47,0.374516770566476,0.0442954428947395
50,1,0,1,0,-2,0.644444444444444,0,0,0,1e-14,0.001,1e+07,0,1,TRUE,TRUE,44,0.377186993187725,0.0455446256096347
50,1,0,1,0,-2,0.644444444444444,0,0,0,1e-14,0.001,1e+07,0,1,TRUE,TRUE,42,0.395055377177455,0.069191093005012
50,1,0,1,0,-2,0.644444444444444,0,0,0,1e-14,0.001,1e+07,0,1,TRUE,TRUE,43,0.390420698391755,0.0462641686417841
50,1,0,1,0,-2,0.644444444444444,0,0,0,1e-14,0.001,1e+07,0,1,TRUE,TRUE,46,0.404441328367392,0.0359100383276407
50,1,0,1,0,-2,0.644444444444444,0,0,0,1e-14,0.001,1e+07,0,1,TRUE,TRUE,43,0.389460913696898,0.054825505660107
50,1,0,1,0,-2,0.644444444444444,0,0,0,1e-14,0.001,1e+07,0,1,TRUE,TRUE,46,0.379460270468387,0.0641337885735977
50,1,0,1,0,-2,0.644444444444444,0,0,0,1e-14,0.001,1e+07,0,1,TRUE,TRUE,47,0.336834377626208,0.0486438030505035
50,1,0,1,0,-2,0.644444444444444,0,0,0,1e-14,0.001,1e+07,0,1,TRUE,TRUE,46,0.349879654770522,0.0324416700592275
50,1,0,1,0,-2,0.644444444444444,0,0,0,1e-14,0.001,1e+07,0,1,TRUE,TRUE,42,0.409624024722714,0.0482193282580426
50,1,0,1,0,-2,0.644444444444444,0,0,0,1e-14,0.001,1e+07,0,1,TRUE,TRUE,46,0.366537517101063,0.0522451299816552
50,1,0,1,0,-2,0.644444444444444,0,0,0,1e-14,0.001,1e+07,0,1,TRUE,TRUE,42,0.425845540289865,0.0782956786955912
50,1,0,1,0,-2,0.644444444444444,0,0,0,1e-14,0.001,1e+07,0,1,TRUE,TRUE,44,0.373530575514361,0.0508660412553992
50,1,0,1,0,-2,0.644444444444444,0,0,0,1e-14,0.001,1e+07,0,1,TRUE,TRUE,45,0.385588609843995,0.0599300950097554
50,1,0,1,0,-2,0.644444444444444,0,0,0,1e-14,0.001,1e+07,0,1,TRUE,TRUE,47,0.347175843406867,0.0398331924203969
50,1,0,1,0,-2,0.644444444444444,0,0,0,1e-14,0.001,1e+07,0,1,TRUE,TRUE,42,0.414687179007023,0.0661582800586436
50,1,0,1,0,-2,0.644444444444444,0,0,0,1e-14,0.001,1e+07,0,1,TRUE,TRUE,42,0.411989673891103,0.0501898232647663
50,1,0,1,0,-2,0.644444444444444,0,0,0,1e-14,0.001,1e+07,0,1,TRUE,TRUE,44,0.406521276315115,0.0616531541190184
50,1,0,1,0,-2,0.644444444444444,0,0,0,1e-14,0.001,1e+07,0,1,TRUE,TRUE,46,0.368671208878151,0.0370351605156288
50,1,0,1,0,-2,0.644444444444444,0,0,0,1e-14,0.001,1e+07,0,1,TRUE,TRUE,47,0.344030465878044,0.0372861276187528
50,1,0,1,0,-2,0.644444444444444,0,0,0,1e-14,0.001,1e+07,0,1,TRUE,TRUE,41,0.392001033643825,0.0584573756796129
50,1,0,1,0,-2,0.644444444444444,0,0,0,1e-14,0.001,1e+07,0,1,TRUE,TRUE,45,0.385279860894845,0.0404484910075
50,1,0,1,0,-2,0.644444444444444,0,0,0,1e-14,0.001,1e+07,0,1,TRUE,TRUE,41,0.409832092280719,0.0399235484111403
50,1,0,1,0,-2,0.644444444444444,0,0,0,1e-14,0.001,1e+07,0,1,TRUE,TRUE,46,0.361424649889449,0.0433527284961776
50,1,0,1,0,-2,0.644444444444444,0,0,0,1e-14,0.001,1e+07,0,1,TRUE,TRUE,42,0.375566085921737,0.0399547385205087
50,1,0,1,0,-2,0.644444444444444,0,0,0,1e-14,0.001,1e+07,0,1,TRUE,TRUE,41,0.437793947018357,0.0670464092612196
50,1,0,1,0,-2,0.644444444444444,0,0,0,1e-14,0.001,1e+07,0,1,TRUE,TRUE,44,0.403985205910117,0.0571744643374452
50,1,0,1,0,-2,0.644444444444444,0,0,0,1e-14,0.001,1e+07,0,1,TRUE,TRUE,41,0.417866420922915,0.0457836031648238
50,1,0,1,0,-2,0.644444444444444,0,0,0,1e-14,0.001,1e+07,0,1,TRUE,TRUE,39,0.441352389547044,0.106828917616737
50,1,0,1,0,-2,0.644444444444444,0,0,0,1e-14,0.001,1e+07,0,1,TRUE,TRUE,47,0.377755605823056,0.0447084576727734
50,1,0,1,0,-2,0.644444444444444,0,0,0,1e-14,0.001,1e+07,0,1,TRUE,TRUE,46,0.358732303179021,0.0415317638050001
50,1,0,1,0,-2,0.644444444444444,0,0,0,1e-14,0.001,1e+07,0,1,TRUE,TRUE,47,0.35055949944737,0.0309257011276523
50,1,0,1,0,-2,0.644444444444444,0,0,0,1e-14,0.001,1e+07,0,1,TRUE,TRUE,40,0.415207922666579,0.0457343789015899
50,1,0,1,0,-2,0.644444444444444,0,0,0,1e-14,0.001,1e+07,0,1,TRUE,TRUE,39,0.467984980489363,0.0736244459351861
50,1,0,1,0,-2,0.644444444444444,0,0,0,1e-14,0.001,1e+07,0,1,TRUE,TRUE,45,0.378363101959585,0.0566920048163332
50,1,0,1,0,-2,0.644444444444444,0,0,0,1e-14,0.001,1e+07,0,1,TRUE,TRUE,46,0.353352197155918,0.0391961629452063
50,1,0,1,0,-2,0.644444444444444,0,0,0,1e-14,0.001,1e+07,0,1,TRUE,TRUE,47,0.348892618528245,0.0431192874244339
50,1,0,1,0,-2,0.644444444444444,0,0,0,1e-14,0.001,1e+07,0,1,TRUE,TRUE,40,0.417775633531778,0.0638967975557875
50,1,0,1,0,-2,0.644444444444444,0,0,0,1e-14,0.001,1e+07,0,1,TRUE,TRUE,46,0.362006181049315,0.0350136608038842
50,1,0,1,0,-2,0.644444444444444,0,0,0,1e-14,0.001,1e+07,0,1,TRUE,TRUE,48,0.356959720174376,0.0453883381614166
50,1,0,1,0,-2,0.644444444444444,0,0,0,1e-14,0.001,1e+07,0,1,TRUE,TRUE,42,0.412739814727371,0.086906896013007
50,1,0,1,0,-2,0.644444444444444,0,0,0,1e-14,0.001,1e+07,0,1,TRUE,TRUE,43,0.410698375744211,0.0494733571887591
50,1,0,1,0,-2,0.644444444444444,0,0,0,1e-14,0.001,1e+07,0,1,TRUE,TRUE,44,0.39612362334604,0.0651275360847205
50,1,0,1,0,-2,0.644444444444444,0,0,0,1e-14,0.001,1e+07,0,1,TRUE,TRUE,46,0.338513678807197,0.0367862397322657
50,1,0,1,0,-2,0.644444444444444,0,0,0,1e-14,0.001,1e+07,0,1,TRUE,TRUE,39,0.452441148074968,0.0687602746654278
50,1,0,1,0,-2,0.644444444444444,0,0,0,1e-14,0.001,1e+07,0,1,TRUE,TRUE,45,0.369712025449841,0.0650855111072262
50,1,0,1,0,-2,0.644444444444444,0,0,0,1e-14,0.001,1e+07,0,1,TRUE,TRUE,44,0.370772633385905,0.0383222546661901
50,1,0,1,0,-2,0.7,0,0,0,1e-14,0.001,1e+07,0,1,TRUE,TRUE,41,0.420162085996584,0.101347750803492
50,1,0,1,0,-2,0.7,0,0,0,1e-14,0.001,1e+07,0,1,TRUE,TRUE,40,0.434731453332957,0.0539889385599548
50,1,0,1,0,-2,0.7,0,0,0,1e-14,0.001,1e+07,0,1,TRUE,TRUE,41,0.436054094599858,0.0598060175680844
50,1,0,1,0,-2,0.7,0,0,0,1e-14,0.001,1e+07,0,1,TRUE,TRUE,41,0.414100164962552,0.0564698677918349
50,1,0,1,0,-2,0.7,0,0,0,1e-14,0.001,1e+07,0,1,TRUE,TRUE,41,0.45818393825457,0.102372909930922
50,1,0,1,0,-2,0.7,0,0,0,1e-14,0.001,1e+07,0,1,TRUE,TRUE,39,0.419006400058024,0.0838196349389885
50,1,0,1,0,-2,0.7,0,0,0,1e-14,0.001,1e+07,0,1,TRUE,TRUE,39,0.417362514683672,0.0556043799997911
50,1,0,1,0,-2,0.7,0,0,0,1e-14,0.001,1e+07,0,1,TRUE,TRUE,44,0.36830492396439,0.0485320503723887
50,1,0,1,0,-2,0.7,0,0,0,1e-14,0.001,1e+07,0,1,TRUE,TRUE,42,0.419332621272028,0.0822578765847479
50,1,0,1,0,-2,0.7,0,0,0,1e-14,0.001,1e+07,0,1,TRUE,TRUE,44,0.385798932982256,0.0465269118410424
50,1,0,1,0,-2,0.7,0,0,0,1e-14,0.001,1e+07,0,1,TRUE,TRUE,42,0.440585611333493,0.0741118958303878
50,1,0,1,0,-2,0.7,0,0,0,1e-14,0.001,1e+07,0,1,TRUE,TRUE,43,0.406830709907111,0.0419468620782833
50,1,0,1,0,-2,0.7,0,0,0,1e-14,0.001,1e+07,0,1,TRUE,TRUE,42,0.414448458174077,0.0751798548148327
50,1,0,1,0,-2,0.7,0,0,0,1e-14,0.001,1e+07,0,1,TRUE,TRUE,43,0.413784279141636,0.0386004741792124
50,1,0,1,0,-2,0.7,0,0,0,1e-14,0.001,1e+07,0,1,TRUE,TRUE,39,0.450106775230032,0.0501994108227386
50,1,0,1,0,-2,0.7,0,0,0,1e-14,0.001,1e+07,0,1,TRUE,TRUE,42,0.358533764119546,0.0518375411166027
50,1,0,1,0,-2,0.7,0,0,0,1e-14,0.001,1e+07,0,1,TRUE,TRUE,46,0.361076034610204,0.0435331270317268
50,1,0,1,0,-2,0.7,0,0,0,1e-14,0.001,1e+07,0,1,TRUE,TRUE,48,0.356315891614727,0.0558113561741075
50,1,0,1,0,-2,0.7,0,0,0,1e-14,0.001,1e+07,0,1,TRUE,TRUE,45,0.392048004516523,0.0523652199288798
50,1,0,1,0,-2,0.7,0,0,0,1e-14,0.001,1e+07,0,1,TRUE,TRUE,42,0.396007043577627,0.0895059523601252
50,1,0,1,0,-2,0.7,0,0,0,1e-14,0.001,1e+07,0,1,TRUE,TRUE,39,0.50743679867068,0.131144331182107
50,1,0,1,0,-2,0.7,0,0,0,1e-14,0.001,1e+07,0,1,TRUE,TRUE,46,0.378562332984028,0.046333326785162
50,1,0,1,0,-2,0.7,0,0,0,1e-14,0.001,1e+07,0,1,TRUE,TRUE,45,0.359683720230061,0.0288442637665211
50,1,0,1,0,-2,0.7,0,0,0,1e-14,0.001,1e+07,0,1,TRUE,TRUE,42,0.412897588285665,0.0657656510977721
50,1,0,1,0,-2,0.7,0,0,0,1e-14,0.001,1e+07,0,1,TRUE,TRUE,47,0.370991821388921,0.0850135509261007
50,1,0,1,0,-2,0.7,0,0,0,1e-14,0.001,1e+07,0,1,TRUE,TRUE,43,0.396087308759513,0.0475149615557345
50,1,0,1,0,-2,0.7,0,0,0,1e-14,0.001,1e+07,0,1,TRUE,TRUE,41,0.464530055072174,0.0624541014170459
50,1,0,1,0,-2,0.7,0,0,0,1e-14,0.001,1e+07,0,1,TRUE,TRUE,46,0.365975484210328,0.0558526187474605
50,1,0,1,0,-2,0.7,0,0,0,1e-14,0.001,1e+07,0,1,TRUE,TRUE,40,0.426301839859952,0.0550605181436618
50,1,0,1,0,-2,0.7,0,0,0,1e-14,0.001,1e+07,0,1,TRUE,TRUE,43,0.419095913339568,0.0802056935280394
50,1,0,1,0,-2,0.7,0,0,0,1e-14,0.001,1e+07,0,1,TRUE,TRUE,41,0.424073706113869,0.0576201645941041
50,1,0,1,0,-2,0.7,0,0,0,1e-14,0.001,1e+07,0,1,TRUE,TRUE,42,0.418929501390902,0.0584974756035332
50,1,0,1,0,-2,0.7,0,0,0,1e-14,0.001,1e+07,0,1,TRUE,TRUE,37,0.457026990388342,0.0747316926421997
50,1,0,1,0,-2,0.7,0,0,0,1e-14,0.001,1e+07,0,1,TRUE,TRUE,40,0.422741883342183,0.0634926631806512
50,1,0,1,0,-2,0.7,0,0,0,1e-14,0.001,1e+07,0,1,TRUE,TRUE,43,0.413818944337857,0.0657988137729467
50,1,0,1,0,-2,0.7,0,0,0,1e-14,0.001,1e+07,0,1,TRUE,TRUE,43,0.400478182317033,0.0606968140293637
50,1,0,1,0,-2,0.7,0,0,0,1e-14,0.001,1e+07,0,1,TRUE,TRUE,38,0.446280067884852,0.0686775766583533
50,1,0,1,0,-2,0.7,0,0,0,1e-14,0.001,1e+07,0,1,TRUE,TRUE,40,0.411960252198182,0.0404143719560397
50,1,0,1,0,-2,0.7,0,0,0,1e-14,0.001,1e+07,0,1,TRUE,TRUE,43,0.405077424436844,0.0572558579594044
50,1,0,1,0,-2,0.7,0,0,0,1e-14,0.001,1e+07,0,1,TRUE,TRUE,43,0.411466317344538,0.0763044664334715
50,1,0,1,0,-2,0.7,0,0,0,1e-14,0.001,1e+07,0,1,TRUE,TRUE,45,0.379287324285294,0.0450490821879651
50,1,0,1,0,-2,0.7,0,0,0,1e-14,0.001,1e+07,0,1,TRUE,TRUE,44,0.3891799646448,0.0634361114025114
50,1,0,1,0,-2,0.7,0,0,0,1e-14,0.001,1e+07,0,1,TRUE,TRUE,42,0.382727346719965,0.0392505465215253
50,1,0,1,0,-2,0.7,0,0,0,1e-14,0.001,1e+07,0,1,TRUE,TRUE,44,0.364351355387705,0.0536913044021542
50,1,0,1,0,-2,0.7,0,0,0,1e-14,0.001,1e+07,0,1,TRUE,TRUE,42,0.458377566773591,0.0831955548697182
50,1,0,1,0,-2,0.7,0,0,0,1e-14,0.001,1e+07,0,1,TRUE,TRUE,42,0.416495906130373,0.0401624508340405
50,1,0,1,0,-2,0.7,0,0,0,1e-14,0.001,1e+07,0,1,TRUE,TRUE,41,0.416433269748339,0.0669030969478429
50,1,0,1,0,-2,0.7,0,0,0,1e-14,0.001,1e+07,0,1,TRUE,TRUE,36,0.507748811304608,0.0546275905243303
50,1,0,1,0,-2,0.7,0,0,0,1e-14,0.001,1e+07,0,1,TRUE,TRUE,37,0.475332748066055,0.0827801971705644
50,1,0,1,0,-2,0.7,0,0,0,1e-14,0.001,1e+07,0,1,TRUE,TRUE,44,0.361830522100958,0.0425004123216003
