"S","MuR","SigmaR","MuD","SigmaD","MuA","SigmaA","Rho","MuB","SigmaB","AbdCutoff","GrCutoff","EndTime","IniMin","IniMax","Equilibrium","Uninvasible","NumCoexist","MeanAbd","VarAbd"
15,1,0,1,0,-2,0.2,0,0,0,1e-14,0.001,1e+07,0,1,TRUE,TRUE,15,0.321123155067366,0.00634826325523602
15,1,0,1,0,-2,0.2,0,0,0,1e-14,0.001,1e+07,0,1,TRUE,TRUE,15,0.327634528533762,0.00238356994544163
15,1,0,1,0,-2,0.2,0,0,0,1e-14,0.001,1e+07,0,1,TRUE,TRUE,15,0.329733889409668,0.00212326460837539
15,1,0,1,0,-2,0.2,0,0,0,1e-14,0.001,1e+07,0,1,TRUE,TRUE,15,0.325661446180989,0.00535659314368714
15,1,0,1,0,-2,0.2,0,0,0,1e-14,0.001,1e+07,0,1,TRUE,TRUE,15,0.323223766212604,0.00429361797889217
15,1,0,1,0,-2,0.2,0,0,0,1e-14,0.001,1e+07,0,1,TRUE,TRUE,15,0.335285244500229,0.0106830328338734
15,1,0,1,0,-2,0.2,0,0,0,1e-14,0.001,1e+07,0,1,TRUE,TRUE,15,0.340653738961485,0.00574889391314567
15,1,0,1,0,-2,0.2,0,0,0,1e-14,0.001,1e+07,0,1,TRUE,TRUE,15,0.33495103522128,0.00513377825613652
15,1,0,1,0,-2,0.2,0,0,0,1e-14,0.001,1e+07,0,1,TRUE,TRUE,15,0.332679897057608,0.0112702956966384
15,1,0,1,0,-2,0.2,0,0,0,1e-14,0.001,1e+07,0,1,TRUE,TRUE,15,0.341482480466561,0.00510922277813658
15,1,0,1,0,-2,0.2,0,0,0,1e-14,0.001,1e+07,0,1,TRUE,TRUE,15,0.330331730084643,0.00349593464171725
15,1,0,1,0,-2,0.2,0,0,0,1e-14,0.001,1e+07,0,1,TRUE,TRUE,15,0.331640005527175,0.00278540881798015
15,1,0,1,0,-2,0.2,0,0,0,1e-14,0.001,1e+07,0,1,TRUE,TRUE,15,0.336101063854638,0.00650483975848272
15,1,0,1,0,-2,0.2,0,0,0,1e-14,0.001,1e+07,0,1,TRUE,TRUE,15,0.326047140786568,0.00409955250535206
15,1,0,1,0,-2,0.2,0,0,0,1e-14,0.001,1e+07,0,1,TRUE,TRUE,15,0.329954506739298,0.00438649553750367
15,1,0,1,0,-2,0.2,0,0,0,1e-14,0.001,1e+07,0,1,TRUE,TRUE,15,0.33448928015079,0.00966182668627679
15,1,0,1,0,-2,0.2,0,0,0,1e-14,0.001,1e+07,0,1,TRUE,TRUE,15,0.32844404793465,0.00566322838225746
15,1,0,1,0,-2,0.2,0,0,0,1e-14,0.001,1e+07,0,1,TRUE,TRUE,15,0.323716313249199,0.00522057649191832
15,1,0,1,0,-2,0.2,0,0,0,1e-14,0.001,1e+07,0,1,TRUE,TRUE,15,0.340436857768313,0.00479441192052649
15,1,0,1,0,-2,0.2,0,0,0,1e-14,0.001,1e+07,0,1,TRUE,TRUE,15,0.342939700552361,0.00358807985089846
15,1,0,1,0,-2,0.2,0,0,0,1e-14,0.001,1e+07,0,1,TRUE,TRUE,15,0.333191368565021,0.00503864396187127
15,1,0,1,0,-2,0.2,0,0,0,1e-14,0.001,1e+07,0,1,TRUE,TRUE,15,0.331123809684062,0.00761844446079091
15,1,0,1,0,-2,0.2,0,0,0,1e-14,0.001,1e+07,0,1,TRUE,TRUE,15,0.325645987493397,0.00500664255268303
15,1,0,1,0,-2,0.2,0,0,0,1e-14,0.001,1e+07,0,1,TRUE,TRUE,15,0.33258393942618,0.00609072115877142
15,1,0,1,0,-2,0.2,0,0,0,1e-14,0.001,1e+07,0,1,TRUE,TRUE,15,0.32729440178018,0.00775143631325712
15,1,0,1,0,-2,0.2,0,0,0,1e-14,0.001,1e+07,0,1,TRUE,TRUE,15,0.321066463725524,0.00749660496054897
15,1,0,1,0,-2,0.2,0,0,0,1e-14,0.001,1e+07,0,1,TRUE,TRUE,15,0.33252786461846,0.00824974667032602
15,1,0,1,0,-2,0.2,0,0,0,1e-14,0.001,1e+07,0,1,TRUE,TRUE,15,0.329971946967794,0.00557982160898007
15,1,0,1,0,-2,0.2,0,0,0,1e-14,0.001,1e+07,0,1,TRUE,TRUE,15,0.340498906843324,0.00527241895063299
15,1,0,1,0,-2,0.2,0,0,0,1e-14,0.001,1e+07,0,1,TRUE,TRUE,15,0.335434910330642,0.00430931315993684
15,1,0,1,0,-2,0.2,0,0,0,1e-14,0.001,1e+07,0,1,TRUE,TRUE,15,0.329873337710479,0.00850106555773517
15,1,0,1,0,-2,0.2,0,0,0,1e-14,0.001,1e+07,0,1,TRUE,TRUE,15,0.33342736568669,0.00699864472965274
15,1,0,1,0,-2,0.2,0,0,0,1e-14,0.001,1e+07,0,1,TRUE,TRUE,15,0.328892328420073,0.00478287386364184
15,1,0,1,0,-2,0.2,0,0,0,1e-14,0.001,1e+07,0,1,TRUE,TRUE,15,0.332841300415126,0.0101114609857823
15,1,0,1,0,-2,0.2,0,0,0,1e-14,0.001,1e+07,0,1,TRUE,TRUE,15,0.32975344630394,0.00640388111134138
15,1,0,1,0,-2,0.2,0,0,0,1e-14,0.001,1e+07,0,1,TRUE,TRUE,15,0.335671514922221,0.00703601456302611
15,1,0,1,0,-2,0.2,0,0,0,1e-14,0.001,1e+07,0,1,TRUE,TRUE,15,0.322301739947575,0.00634192905633826
15,1,0,1,0,-2,0.2,0,0,0,1e-14,0.001,1e+07,0,1,TRUE,TRUE,15,0.330691922599151,0.00645409203977066
15,1,0,1,0,-2,0.2,0,0,0,1e-14,0.001,1e+07,0,1,TRUE,TRUE,15,0.32856202654491,0.00581488336266437
15,1,0,1,0,-2,0.2,0,0,0,1e-14,0.001,1e+07,0,1,TRUE,TRUE,15,0.33468296686136,0.00312436574514398
15,1,0,1,0,-2,0.2,0,0,0,1e-14,0.001,1e+07,0,1,TRUE,TRUE,15,0.330109808948097,0.00627793459086406
15,1,0,1,0,-2,0.2,0,0,0,1e-14,0.001,1e+07,0,1,TRUE,TRUE,15,0.330360115332247,0.00536352151483495
15,1,0,1,0,-2,0.2,0,0,0,1e-14,0.001,1e+07,0,1,TRUE,TRUE,15,0.329342398273757,0.00634943854031624
15,1,0,1,0,-2,0.2,0,0,0,1e-14,0.001,1e+07,0,1,TRUE,TRUE,15,0.333841772239546,0.00602995463058821
15,1,0,1,0,-2,0.2,0,0,0,1e-14,0.001,1e+07,0,1,TRUE,TRUE,15,0.322617911237006,0.00541746652511003
15,1,0,1,0,-2,0.2,0,0,0,1e-14,0.001,1e+07,0,1,TRUE,TRUE,15,0.328282016305658,0.00747763240869433
15,1,0,1,0,-2,0.2,0,0,0,1e-14,0.001,1e+07,0,1,TRUE,TRUE,15,0.330773511588747,0.00473708665069906
15,1,0,1,0,-2,0.2,0,0,0,1e-14,0.001,1e+07,0,1,TRUE,TRUE,15,0.334126662936163,0.00228790629095139
15,1,0,1,0,-2,0.2,0,0,0,1e-14,0.001,1e+07,0,1,TRUE,TRUE,15,0.329421265015707,0.00832928298208324
15,1,0,1,0,-2,0.2,0,0,0,1e-14,0.001,1e+07,0,1,TRUE,TRUE,15,0.339660663710388,0.0024574982482742
15,1,0,1,0,-2,0.255555555555556,0,0,0,1e-14,0.001,1e+07,0,1,TRUE,TRUE,15,0.320689461180172,0.00239926084316504
15,1,0,1,0,-2,0.255555555555556,0,0,0,1e-14,0.001,1e+07,0,1,TRUE,TRUE,15,0.334000504685517,0.00555088780795017
15,1,0,1,0,-2,0.255555555555556,0,0,0,1e-14,0.001,1e+07,0,1,TRUE,TRUE,15,0.317736372230561,0.0148806522805256
15,1,0,1,0,-2,0.255555555555556,0,0,0,1e-14,0.001,1e+07,0,1,TRUE,TRUE,15,0.319268488370932,0.0110586923522049
15,1,0,1,0,-2,0.255555555555556,0,0,0,1e-14,0.001,1e+07,0,1,TRUE,TRUE,15,0.330369660746237,0.0114319390708482
15,1,0,1,0,-2,0.255555555555556,0,0,0,1e-14,0.001,1e+07,0,1,TRUE,TRUE,15,0.32261197302009,0.00821513604617303
15,1,0,1,0,-2,0.255555555555556,0,0,0,1e-14,0.001,1e+07,0,1,TRUE,TRUE,15,0.336127258703934,0.0131444179210095
15,1,0,1,0,-2,0.255555555555556,0,0,0,1e-14,0.001,1e+07,0,1,TRUE,TRUE,15,0.337170290066085,0.00995323382393173
15,1,0,1,0,-2,0.255555555555556,0,0,0,1e-14,0.001,1e+07,0,1,TRUE,TRUE,15,0.337361399375499,0.0121831465984613
15,1,0,1,0,-2,0.255555555555556,0,0,0,1e-14,0.001,1e+07,0,1,TRUE,TRUE,15,0.34964986962075,0.02808779617066
15,1,0,1,0,-2,0.255555555555556,0,0,0,1e-14,0.001,1e+07,0,1,TRUE,TRUE,15,0.333596779893148,0.00847172306058883
15,1,0,1,0,-2,0.255555555555556,0,0,0,1e-14,0.001,1e+07,0,1,TRUE,TRUE,15,0.345555887086194,0.0166374698929435
15,1,0,1,0,-2,0.255555555555556,0,0,0,1e-14,0.001,1e+07,0,1,TRUE,TRUE,15,0.3343325776886,0.0107220055256285
15,1,0,1,0,-2,0.255555555555556,0,0,0,1e-14,0.001,1e+07,0,1,TRUE,TRUE,15,0.335943948688551,0.00772761443661204
15,1,0,1,0,-2,0.255555555555556,0,0,0,1e-14,0.001,1e+07,0,1,TRUE,TRUE,15,0.325301078885271,0.018549130603037
15,1,0,1,0,-2,0.255555555555556,0,0,0,1e-14,0.001,1e+07,0,1,TRUE,TRUE,15,0.334588216865075,0.0129609491848175
15,1,0,1,0,-2,0.255555555555556,0,0,0,1e-14,0.001,1e+07,0,1,TRUE,TRUE,15,0.340322186423468,0.00886805102557083
15,1,0,1,0,-2,0.255555555555556,0,0,0,1e-14,0.001,1e+07,0,1,TRUE,TRUE,15,0.331249739453795,0.0144851806171561
15,1,0,1,0,-2,0.255555555555556,0,0,0,1e-14,0.001,1e+07,0,1,TRUE,TRUE,15,0.338460672441088,0.00590687415538589
15,1,0,1,0,-2,0.255555555555556,0,0,0,1e-14,0.001,1e+07,0,1,TRUE,TRUE,15,0.347576877018878,0.00889826154778725
15,1,0,1,0,-2,0.255555555555556,0,0,0,1e-14,0.001,1e+07,0,1,TRUE,TRUE,15,0.323383933988653,0.0164624753631911
15,1,0,1,0,-2,0.255555555555556,0,0,0,1e-14,0.001,1e+07,0,1,TRUE,TRUE,15,0.345780305575758,0.0102230413495802
15,1,0,1,0,-2,0.255555555555556,0,0,0,1e-14,0.001,1e+07,0,1,TRUE,TRUE,15,0.324683007195713,0.0187529453211474
15,1,0,1,0,-2,0.255555555555556,0,0,0,1e-14,0.001,1e+07,0,1,TRUE,TRUE,15,0.325311203227055,0.00556849942023585
15,1,0,1,0,-2,0.255555555555556,0,0,0,1e-14,0.001,1e+07,0,1,TRUE,TRUE,15,0.336378088406255,0.00654263539581423
15,1,0,1,0,-2,0.255555555555556,0,0,0,1e-14,0.001,1e+07,0,1,TRUE,TRUE,15,0.330776991550245,0.0100834426583204
15,1,0,1,0,-2,0.255555555555556,0,0,0,1e-14,0.001,1e+07,0,1,TRUE,TRUE,15,0.328441520121529,0.00899017724308784
15,1,0,1,0,-2,0.255555555555556,0,0,0,1e-14,0.001,1e+07,0,1,TRUE,TRUE,15,0.32721268049005,0.00819585886602593
15,1,0,1,0,-2,0.255555555555556,0,0,0,1e-14,0.001,1e+07,0,1,TRUE,TRUE,15,0.340023316798147,0.0116962741993147
15,1,0,1,0,-2,0.255555555555556,0,0,0,1e-14,0.001,1e+07,0,1,TRUE,TRUE,15,0.31202043381329,0.00731007435874403
15,1,0,1,0,-2,0.255555555555556,0,0,0,1e-14,0.001,1e+07,0,1,TRUE,TRUE,15,0.323007762970125,0.00498235417684783
15,1,0,1,0,-2,0.255555555555556,0,0,0,1e-14,0.001,1e+07,0,1,TRUE,TRUE,15,0.334298412102369,0.00842852047579629
15,1,0,1,0,-2,0.255555555555556,0,0,0,1e-14,0.001,1e+07,0,1,TRUE,TRUE,15,0.332167203213398,0.0107958689810836
15,1,0,1,0,-2,0.255555555555556,0,0,0,1e-14,0.001,1e+07,0,1,TRUE,TRUE,15,0.341613301020632,0.00900761665631766
15,1,0,1,0,-2,0.255555555555556,0,0,0,1e-14,0.001,1e+07,0,1,TRUE,TRUE,15,0.34062163473822,0.0143679695318733
15,1,0,1,0,-2,0.255555555555556,0,0,0,1e-14,0.001,1e+07,0,1,TRUE,TRUE,15,0.340044366737794,0.00827577512392015
15,1,0,1,0,-2,0.255555555555556,0,0,0,1e-14,0.001,1e+07,0,1,TRUE,TRUE,15,0.342762299628386,0.00864124109763869
15,1,0,1,0,-2,0.255555555555556,0,0,0,1e-14,0.001,1e+07,0,1,TRUE,TRUE,15,0.32796535294627,0.0153325310058624
15,1,0,1,0,-2,0.255555555555556,0,0,0,1e-14,0.001,1e+07,0,1,TRUE,TRUE,15,0.338190210342412,0.0108115685156009
15,1,0,1,0,-2,0.255555555555556,0,0,0,1e-14,0.001,1e+07,0,1,TRUE,TRUE,15,0.33171089391684,0.0185017416438806
15,1,0,1,0,-2,0.255555555555556,0,0,0,1e-14,0.001,1e+07,0,1,TRUE,TRUE,15,0.329910721683906,0.00808347834479586
15,1,0,1,0,-2,0.255555555555556,0,0,0,1e-14,0.001,1e+07,0,1,TRUE,TRUE,15,0.344739805177172,0.012838133065828
15,1,0,1,0,-2,0.255555555555556,0,0,0,1e-14,0.001,1e+07,0,1,TRUE,TRUE,15,0.326866344871614,0.0116690650931785
15,1,0,1,0,-2,0.255555555555556,0,0,0,1e-14,0.001,1e+07,0,1,TRUE,TRUE,15,0.343195587423183,0.0123454018326489
15,1,0,1,0,-2,0.255555555555556,0,0,0,1e-14,0.001,1e+07,0,1,TRUE,TRUE,15,0.330216071816305,0.0135435190787266
15,1,0,1,0,-2,0.255555555555556,0,0,0,1e-14,0.001,1e+07,0,1,TRUE,TRUE,15,0.329682503743248,0.0100670373934929
15,1,0,1,0,-2,0.255555555555556,0,0,0,1e-14,0.001,1e+07,0,1,TRUE,TRUE,15,0.345819608752781,0.00433257461273581
15,1,0,1,0,-2,0.255555555555556,0,0,0,1e-14,0.001,1e+07,0,1,TRUE,TRUE,15,0.31909183706078,0.0035871243511577
15,1,0,1,0,-2,0.255555555555556,0,0,0,1e-14,0.001,1e+07,0,1,TRUE,TRUE,15,0.316731341924399,0.0190167285477931
15,1,0,1,0,-2,0.255555555555556,0,0,0,1e-14,0.001,1e+07,0,1,TRUE,TRUE,15,0.336576654290391,0.00560161523986469
15,1,0,1,0,-2,0.311111111111111,0,0,0,1e-14,0.001,1e+07,0,1,TRUE,TRUE,15,0.33468671226259,0.015678687910292
15,1,0,1,0,-2,0.311111111111111,0,0,0,1e-14,0.001,1e+07,0,1,TRUE,TRUE,15,0.326692777694117,0.0305734126275777
15,1,0,1,0,-2,0.311111111111111,0,0,0,1e-14,0.001,1e+07,0,1,TRUE,TRUE,15,0.3291966239533,0.0259485927054009
15,1,0,1,0,-2,0.311111111111111,0,0,0,1e-14,0.001,1e+07,0,1,TRUE,TRUE,15,0.325070310054133,0.0145292899031117
15,1,0,1,0,-2,0.311111111111111,0,0,0,1e-14,0.001,1e+07,0,1,TRUE,TRUE,15,0.324205009273618,0.0245808063503134
15,1,0,1,0,-2,0.311111111111111,0,0,0,1e-14,0.001,1e+07,0,1,TRUE,TRUE,15,0.324560630719185,0.00806779782754156
15,1,0,1,0,-2,0.311111111111111,0,0,0,1e-14,0.001,1e+07,0,1,TRUE,TRUE,14,0.357875787879824,0.0214139885139781
15,1,0,1,0,-2,0.311111111111111,0,0,0,1e-14,0.001,1e+07,0,1,TRUE,TRUE,15,0.328513469537324,0.0110100950549562
15,1,0,1,0,-2,0.311111111111111,0,0,0,1e-14,0.001,1e+07,0,1,TRUE,TRUE,15,0.316917680997334,0.0185009509106207
15,1,0,1,0,-2,0.311111111111111,0,0,0,1e-14,0.001,1e+07,0,1,TRUE,TRUE,15,0.334193805560705,0.0108086879198944
15,1,0,1,0,-2,0.311111111111111,0,0,0,1e-14,0.001,1e+07,0,1,TRUE,TRUE,15,0.330812425133602,0.0127049702241075
15,1,0,1,0,-2,0.311111111111111,0,0,0,1e-14,0.001,1e+07,0,1,TRUE,TRUE,15,0.340142650945183,0.0218716349366291
15,1,0,1,0,-2,0.311111111111111,0,0,0,1e-14,0.001,1e+07,0,1,TRUE,TRUE,15,0.337337807976456,0.0173028801040978
15,1,0,1,0,-2,0.311111111111111,0,0,0,1e-14,0.001,1e+07,0,1,TRUE,TRUE,15,0.326377992647302,0.0158721972636302
15,1,0,1,0,-2,0.311111111111111,0,0,0,1e-14,0.001,1e+07,0,1,TRUE,TRUE,15,0.344861042067447,0.0119706984377739
15,1,0,1,0,-2,0.311111111111111,0,0,0,1e-14,0.001,1e+07,0,1,TRUE,TRUE,15,0.33583568239917,0.018865543535621
15,1,0,1,0,-2,0.311111111111111,0,0,0,1e-14,0.001,1e+07,0,1,TRUE,TRUE,15,0.335000711863226,0.00908863322938169
15,1,0,1,0,-2,0.311111111111111,0,0,0,1e-14,0.001,1e+07,0,1,TRUE,TRUE,15,0.330248804080219,0.0162170108190588
15,1,0,1,0,-2,0.311111111111111,0,0,0,1e-14,0.001,1e+07,0,1,TRUE,TRUE,15,0.343576298220494,0.0159258916388253
15,1,0,1,0,-2,0.311111111111111,0,0,0,1e-14,0.001,1e+07,0,1,TRUE,TRUE,15,0.325801528426364,0.0172045984070589
15,1,0,1,0,-2,0.311111111111111,0,0,0,1e-14,0.001,1e+07,0,1,TRUE,TRUE,15,0.328460816896512,0.0189343096149383
15,1,0,1,0,-2,0.311111111111111,0,0,0,1e-14,0.001,1e+07,0,1,TRUE,TRUE,14,0.356174097544692,0.0121448296081357
15,1,0,1,0,-2,0.311111111111111,0,0,0,1e-14,0.001,1e+07,0,1,TRUE,TRUE,15,0.329345331380373,0.00951618032979706
15,1,0,1,0,-2,0.311111111111111,0,0,0,1e-14,0.001,1e+07,0,1,TRUE,TRUE,15,0.329570116211844,0.00685353043932999
15,1,0,1,0,-2,0.311111111111111,0,0,0,1e-14,0.001,1e+07,0,1,TRUE,TRUE,15,0.346673946751802,0.00666783231982398
15,1,0,1,0,-2,0.311111111111111,0,0,0,1e-14,0.001,1e+07,0,1,TRUE,TRUE,15,0.328537352065609,0.0139405874815314
15,1,0,1,0,-2,0.311111111111111,0,0,0,1e-14,0.001,1e+07,0,1,TRUE,TRUE,15,0.325065468843288,0.0247213798091505
15,1,0,1,0,-2,0.311111111111111,0,0,0,1e-14,0.001,1e+07,0,1,TRUE,TRUE,15,0.330903668896765,0.0211317160824578
15,1,0,1,0,-2,0.311111111111111,0,0,0,1e-14,0.001,1e+07,0,1,TRUE,TRUE,15,0.342697049213876,0.0102995973431112
15,1,0,1,0,-2,0.311111111111111,0,0,0,1e-14,0.001,1e+07,0,1,TRUE,TRUE,15,0.335251083469082,0.0287797310368825
15,1,0,1,0,-2,0.311111111111111,0,0,0,1e-14,0.001,1e+07,0,1,TRUE,TRUE,15,0.328940584103728,0.0221291801722071
15,1,0,1,0,-2,0.311111111111111,0,0,0,1e-14,0.001,1e+07,0,1,TRUE,TRUE,15,0.330454176366282,0.0117424265624381
15,1,0,1,0,-2,0.311111111111111,0,0,0,1e-14,0.001,1e+07,0,1,TRUE,TRUE,14,0.353095411658605,0.03381090691031
15,1,0,1,0,-2,0.311111111111111,0,0,0,1e-14,0.001,1e+07,0,1,TRUE,TRUE,15,0.339928002740855,0.0285962916735867
15,1,0,1,0,-2,0.311111111111111,0,0,0,1e-14,0.001,1e+07,0,1,TRUE,TRUE,15,0.31669233065496,0.0165126917440256
15,1,0,1,0,-2,0.311111111111111,0,0,0,1e-14,0.001,1e+07,0,1,TRUE,TRUE,15,0.335866752436216,0.0252950649031634
15,1,0,1,0,-2,0.311111111111111,0,0,0,1e-14,0.001,1e+07,0,1,TRUE,TRUE,15,0.331511997273258,0.0114699755834424
15,1,0,1,0,-2,0.311111111111111,0,0,0,1e-14,0.001,1e+07,0,1,TRUE,TRUE,15,0.349286181231774,0.0164470480402514
15,1,0,1,0,-2,0.311111111111111,0,0,0,1e-14,0.001,1e+07,0,1,TRUE,TRUE,15,0.321607045719122,0.0170258112940812
15,1,0,1,0,-2,0.311111111111111,0,0,0,1e-14,0.001,1e+07,0,1,TRUE,TRUE,15,0.332194567327458,0.0194147214870346
15,1,0,1,0,-2,0.311111111111111,0,0,0,1e-14,0.001,1e+07,0,1,TRUE,TRUE,14,0.345614659201952,0.0224371006048327
15,1,0,1,0,-2,0.311111111111111,0,0,0,1e-14,0.001,1e+07,0,1,TRUE,TRUE,15,0.339522944203453,0.0167209390572693
15,1,0,1,0,-2,0.311111111111111,0,0,0,1e-14,0.001,1e+07,0,1,TRUE,TRUE,15,0.338472339254318,0.0136685795054431
15,1,0,1,0,-2,0.311111111111111,0,0,0,1e-14,0.001,1e+07,0,1,TRUE,TRUE,15,0.353543730512919,0.0225600346376566
15,1,0,1,0,-2,0.311111111111111,0,0,0,1e-14,0.001,1e+07,0,1,TRUE,TRUE,15,0.341979570523888,0.0106082800732274
15,1,0,1,0,-2,0.311111111111111,0,0,0,1e-14,0.001,1e+07,0,1,TRUE,TRUE,15,0.320950749261533,0.0262603472538712
15,1,0,1,0,-2,0.311111111111111,0,0,0,1e-14,0.001,1e+07,0,1,TRUE,TRUE,15,0.331297817980362,0.0132328963030677
15,1,0,1,0,-2,0.311111111111111,0,0,0,1e-14,0.001,1e+07,0,1,TRUE,TRUE,15,0.32871790279885,0.00925887424609077
15,1,0,1,0,-2,0.311111111111111,0,0,0,1e-14,0.001,1e+07,0,1,TRUE,TRUE,15,0.333831756218185,0.00723279276287786
15,1,0,1,0,-2,0.311111111111111,0,0,0,1e-14,0.001,1e+07,0,1,TRUE,TRUE,15,0.328544797654698,0.00781866491028933
15,1,0,1,0,-2,0.366666666666667,0,0,0,1e-14,0.001,1e+07,0,1,TRUE,TRUE,15,0.343027601760189,0.0271411285862876
15,1,0,1,0,-2,0.366666666666667,0,0,0,1e-14,0.001,1e+07,0,1,TRUE,TRUE,15,0.33016370758977,0.0129289661385057
15,1,0,1,0,-2,0.366666666666667,0,0,0,1e-14,0.001,1e+07,0,1,TRUE,TRUE,15,0.343083157861407,0.0387477686744161
15,1,0,1,0,-2,0.366666666666667,0,0,0,1e-14,0.001,1e+07,0,1,TRUE,TRUE,14,0.36130650213056,0.00749322469132303
15,1,0,1,0,-2,0.366666666666667,0,0,0,1e-14,0.001,1e+07,0,1,TRUE,TRUE,15,0.333383944235885,0.0213202393512381
15,1,0,1,0,-2,0.366666666666667,0,0,0,1e-14,0.001,1e+07,0,1,TRUE,TRUE,15,0.349418606511153,0.0205652620552042
15,1,0,1,0,-2,0.366666666666667,0,0,0,1e-14,0.001,1e+07,0,1,TRUE,TRUE,15,0.329031283725239,0.0207652635549987
15,1,0,1,0,-2,0.366666666666667,0,0,0,1e-14,0.001,1e+07,0,1,TRUE,TRUE,14,0.34006852792756,0.0283169759790053
15,1,0,1,0,-2,0.366666666666667,0,0,0,1e-14,0.001,1e+07,0,1,TRUE,TRUE,15,0.322823581785734,0.0312654483346739
15,1,0,1,0,-2,0.366666666666667,0,0,0,1e-14,0.001,1e+07,0,1,TRUE,TRUE,15,0.329464156763566,0.0138647387956527
15,1,0,1,0,-2,0.366666666666667,0,0,0,1e-14,0.001,1e+07,0,1,TRUE,TRUE,14,0.368800742439191,0.0349642142097271
15,1,0,1,0,-2,0.366666666666667,0,0,0,1e-14,0.001,1e+07,0,1,TRUE,TRUE,15,0.333618797019871,0.0376397269445457
15,1,0,1,0,-2,0.366666666666667,0,0,0,1e-14,0.001,1e+07,0,1,TRUE,TRUE,15,0.346097531647378,0.0191302935049065
15,1,0,1,0,-2,0.366666666666667,0,0,0,1e-14,0.001,1e+07,0,1,TRUE,TRUE,15,0.32394641014927,0.0317059107263935
15,1,0,1,0,-2,0.366666666666667,0,0,0,1e-14,0.001,1e+07,0,1,TRUE,TRUE,15,0.319680009692703,0.0248396962471029
15,1,0,1,0,-2,0.366666666666667,0,0,0,1e-14,0.001,1e+07,0,1,TRUE,TRUE,14,0.351307960142518,0.00806197114171658
15,1,0,1,0,-2,0.366666666666667,0,0,0,1e-14,0.001,1e+07,0,1,TRUE,TRUE,15,0.319205655662425,0.0144662291747201
15,1,0,1,0,-2,0.366666666666667,0,0,0,1e-14,0.001,1e+07,0,1,TRUE,TRUE,15,0.317692196468895,0.0250930381659136
15,1,0,1,0,-2,0.366666666666667,0,0,0,1e-14,0.001,1e+07,0,1,TRUE,TRUE,15,0.330719121931189,0.00751013833807599
15,1,0,1,0,-2,0.366666666666667,0,0,0,1e-14,0.001,1e+07,0,1,TRUE,TRUE,14,0.341195337500312,0.0136935925131999
15,1,0,1,0,-2,0.366666666666667,0,0,0,1e-14,0.001,1e+07,0,1,TRUE,TRUE,14,0.363923412166629,0.00861969230094659
15,1,0,1,0,-2,0.366666666666667,0,0,0,1e-14,0.001,1e+07,0,1,TRUE,TRUE,15,0.343413068875486,0.0217985180830146
15,1,0,1,0,-2,0.366666666666667,0,0,0,1e-14,0.001,1e+07,0,1,TRUE,TRUE,14,0.337416436455896,0.0354717944864202
15,1,0,1,0,-2,0.366666666666667,0,0,0,1e-14,0.001,1e+07,0,1,TRUE,TRUE,14,0.368300791810594,0.024357369498158
15,1,0,1,0,-2,0.366666666666667,0,0,0,1e-14,0.001,1e+07,0,1,TRUE,TRUE,15,0.349351616586032,0.0252833857747387
15,1,0,1,0,-2,0.366666666666667,0,0,0,1e-14,0.001,1e+07,0,1,TRUE,TRUE,13,0.361636176078582,0.0105185332275454
15,1,0,1,0,-2,0.366666666666667,0,0,0,1e-14,0.001,1e+07,0,1,TRUE,TRUE,14,0.338462182486199,0.0109698345785351
15,1,0,1,0,-2,0.366666666666667,0,0,0,1e-14,0.001,1e+07,0,1,TRUE,TRUE,15,0.323190596549637,0.0115134585263601
15,1,0,1,0,-2,0.366666666666667,0,0,0,1e-14,0.001,1e+07,0,1,TRUE,TRUE,15,0.345619625467909,0.0213458947159372
15,1,0,1,0,-2,0.366666666666667,0,0,0,1e-14,0.001,1e+07,0,1,TRUE,TRUE,15,0.338791598540101,0.0234897595614708
15,1,0,1,0,-2,0.366666666666667,0,0,0,1e-14,0.001,1e+07,0,1,TRUE,TRUE,15,0.319522928013204,0.0202897646387904
15,1,0,1,0,-2,0.366666666666667,0,0,0,1e-14,0.001,1e+07,0,1,TRUE,TRUE,14,0.351921001385677,0.0172297925875287
15,1,0,1,0,-2,0.366666666666667,0,0,0,1e-14,0.001,1e+07,0,1,TRUE,TRUE,15,0.320509898514066,0.0144493208152964
15,1,0,1,0,-2,0.366666666666667,0,0,0,1e-14,0.001,1e+07,0,1,TRUE,TRUE,15,0.344482491797213,0.0138196297857977
15,1,0,1,0,-2,0.366666666666667,0,0,0,1e-14,0.001,1e+07,0,1,TRUE,TRUE,15,0.339537623417632,0.0329076882159454
15,1,0,1,0,-2,0.366666666666667,0,0,0,1e-14,0.001,1e+07,0,1,TRUE,TRUE,14,0.363154585797623,0.0339290470879877
15,1,0,1,0,-2,0.366666666666667,0,0,0,1e-14,0.001,1e+07,0,1,TRUE,TRUE,15,0.342835300086897,0.0088950302522769
15,1,0,1,0,-2,0.366666666666667,0,0,0,1e-14,0.001,1e+07,0,1,TRUE,TRUE,15,0.312744399348097,0.0200381445669013
15,1,0,1,0,-2,0.366666666666667,0,0,0,1e-14,0.001,1e+07,0,1,TRUE,TRUE,15,0.339888880034073,0.0198448783441302
15,1,0,1,0,-2,0.366666666666667,0,0,0,1e-14,0.001,1e+07,0,1,TRUE,TRUE,15,0.349305593050551,0.00823183354586918
15,1,0,1,0,-2,0.366666666666667,0,0,0,1e-14,0.001,1e+07,0,1,TRUE,TRUE,15,0.354974594920605,0.0126766265429093
15,1,0,1,0,-2,0.366666666666667,0,0,0,1e-14,0.001,1e+07,0,1,TRUE,TRUE,14,0.356714767000696,0.0429083512395181
15,1,0,1,0,-2,0.366666666666667,0,0,0,1e-14,0.001,1e+07,0,1,TRUE,TRUE,15,0.345196942037852,0.0172062749126613
15,1,0,1,0,-2,0.366666666666667,0,0,0,1e-14,0.001,1e+07,0,1,TRUE,TRUE,15,0.342854564397649,0.0152652814142117
15,1,0,1,0,-2,0.366666666666667,0,0,0,1e-14,0.001,1e+07,0,1,TRUE,TRUE,15,0.340896755927243,0.0165920112963276
15,1,0,1,0,-2,0.366666666666667,0,0,0,1e-14,0.001,1e+07,0,1,TRUE,TRUE,15,0.320648489817057,0.0330436163703801
15,1,0,1,0,-2,0.366666666666667,0,0,0,1e-14,0.001,1e+07,0,1,TRUE,TRUE,14,0.374786630587263,0.0377515633096085
15,1,0,1,0,-2,0.366666666666667,0,0,0,1e-14,0.001,1e+07,0,1,TRUE,TRUE,14,0.374576544621956,0.026735981721853
15,1,0,1,0,-2,0.366666666666667,0,0,0,1e-14,0.001,1e+07,0,1,TRUE,TRUE,14,0.339748445114665,0.0317013554070024
15,1,0,1,0,-2,0.366666666666667,0,0,0,1e-14,0.001,1e+07,0,1,TRUE,TRUE,15,0.34052581390998,0.0260103829278394
15,1,0,1,0,-2,0.422222222222222,0,0,0,1e-14,0.001,1e+07,0,1,TRUE,TRUE,14,0.363382757174016,0.0207609699606941
15,1,0,1,0,-2,0.422222222222222,0,0,0,1e-14,0.001,1e+07,0,1,TRUE,TRUE,15,0.292326128694557,0.0172434221642828
15,1,0,1,0,-2,0.422222222222222,0,0,0,1e-14,0.001,1e+07,0,1,TRUE,TRUE,15,0.3406375860577,0.0315693407301326
15,1,0,1,0,-2,0.422222222222222,0,0,0,1e-14,0.001,1e+07,0,1,TRUE,TRUE,15,0.323128792411988,0.0218418776535439
15,1,0,1,0,-2,0.422222222222222,0,0,0,1e-14,0.001,1e+07,0,1,TRUE,TRUE,13,0.380550384837749,0.0332763899921735
15,1,0,1,0,-2,0.422222222222222,0,0,0,1e-14,0.001,1e+07,0,1,TRUE,TRUE,14,0.334419851349705,0.042074455134703
15,1,0,1,0,-2,0.422222222222222,0,0,0,1e-14,0.001,1e+07,0,1,TRUE,TRUE,15,0.344348082744793,0.0264349768608178
15,1,0,1,0,-2,0.422222222222222,0,0,0,1e-14,0.001,1e+07,0,1,TRUE,TRUE,15,0.311710918284283,0.0281408940271106
15,1,0,1,0,-2,0.422222222222222,0,0,0,1e-14,0.001,1e+07,0,1,TRUE,TRUE,15,0.321249896423916,0.0223133860482962
15,1,0,1,0,-2,0.422222222222222,0,0,0,1e-14,0.001,1e+07,0,1,TRUE,TRUE,15,0.327846055812931,0.0320233879900476
15,1,0,1,0,-2,0.422222222222222,0,0,0,1e-14,0.001,1e+07,0,1,TRUE,TRUE,15,0.346110904882889,0.0251772256512763
15,1,0,1,0,-2,0.422222222222222,0,0,0,1e-14,0.001,1e+07,0,1,TRUE,TRUE,15,0.331049919186192,0.0193231157454809
15,1,0,1,0,-2,0.422222222222222,0,0,0,1e-14,0.001,1e+07,0,1,TRUE,TRUE,13,0.365462910838306,0.0283741407211926
15,1,0,1,0,-2,0.422222222222222,0,0,0,1e-14,0.001,1e+07,0,1,TRUE,TRUE,15,0.350172738776213,0.0149444435598426
15,1,0,1,0,-2,0.422222222222222,0,0,0,1e-14,0.001,1e+07,0,1,TRUE,TRUE,15,0.372914451355144,0.0265976426833615
15,1,0,1,0,-2,0.422222222222222,0,0,0,1e-14,0.001,1e+07,0,1,TRUE,TRUE,15,0.348217368836421,0.014856321622205
15,1,0,1,0,-2,0.422222222222222,0,0,0,1e-14,0.001,1e+07,0,1,TRUE,TRUE,15,0.330381823550581,0.0233648056273752
15,1,0,1,0,-2,0.422222222222222,0,0,0,1e-14,0.001,1e+07,0,1,TRUE,TRUE,15,0.32170527885669,0.0225364163931563
15,1,0,1,0,-2,0.422222222222222,0,0,0,1e-14,0.001,1e+07,0,1,TRUE,TRUE,15,0.345653852697342,0.0206152207745346
15,1,0,1,0,-2,0.422222222222222,0,0,0,1e-14,0.001,1e+07,0,1,TRUE,TRUE,14,0.341261127302711,0.0349623851182941
15,1,0,1,0,-2,0.422222222222222,0,0,0,1e-14,0.001,1e+07,0,1,TRUE,TRUE,15,0.33848360194936,0.0190922902577929
15,1,0,1,0,-2,0.422222222222222,0,0,0,1e-14,0.001,1e+07,0,1,TRUE,TRUE,15,0.332329594272646,0.0458659600132285
15,1,0,1,0,-2,0.422222222222222,0,0,0,1e-14,0.001,1e+07,0,1,TRUE,TRUE,15,0.345520063714894,0.0256364876777238
15,1,0,1,0,-2,0.422222222222222,0,0,0,1e-14,0.001,1e+07,0,1,TRUE,TRUE,13,0.386821165412396,0.0277925380706115
15,1,0,1,0,-2,0.422222222222222,0,0,0,1e-14,0.001,1e+07,0,1,TRUE,TRUE,14,0.361163396189093,0.013244693588616
15,1,0,1,0,-2,0.422222222222222,0,0,0,1e-14,0.001,1e+07,0,1,TRUE,TRUE,15,0.349482476088292,0.0251546411418179
15,1,0,1,0,-2,0.422222222222222,0,0,0,1e-14,0.001,1e+07,0,1,TRUE,TRUE,15,0.349722317847825,0.0171363055601185
15,1,0,1,0,-2,0.422222222222222,0,0,0,1e-14,0.001,1e+07,0,1,TRUE,TRUE,15,0.327808097184642,0.0277806561384693
15,1,0,1,0,-2,0.422222222222222,0,0,0,1e-14,0.001,1e+07,0,1,TRUE,TRUE,15,0.313479100495635,0.0297992744125504
15,1,0,1,0,-2,0.422222222222222,0,0,0,1e-14,0.001,1e+07,0,1,TRUE,TRUE,14,0.355172275234217,0.0362895124368505
15,1,0,1,0,-2,0.422222222222222,0,0,0,1e-14,0.001,1e+07,0,1,TRUE,TRUE,15,0.330177614477278,0.0155706753660157
15,1,0,1,0,-2,0.422222222222222,0,0,0,1e-14,0.001,1e+07,0,1,TRUE,TRUE,14,0.38298492611171,0.02754797340001
15,1,0,1,0,-2,0.422222222222222,0,0,0,1e-14,0.001,1e+07,0,1,TRUE,TRUE,15,0.331545787810955,0.0122370590549168
15,1,0,1,0,-2,0.422222222222222,0,0,0,1e-14,0.001,1e+07,0,1,TRUE,TRUE,14,0.358089749762263,0.0271457287622864
15,1,0,1,0,-2,0.422222222222222,0,0,0,1e-14,0.001,1e+07,0,1,TRUE,TRUE,14,0.359580405145362,0.0175078301286826
15,1,0,1,0,-2,0.422222222222222,0,0,0,1e-14,0.001,1e+07,0,1,TRUE,TRUE,15,0.336072546455228,0.00941154476138129
15,1,0,1,0,-2,0.422222222222222,0,0,0,1e-14,0.001,1e+07,0,1,TRUE,TRUE,15,0.331493430806036,0.0114541213461149
15,1,0,1,0,-2,0.422222222222222,0,0,0,1e-14,0.001,1e+07,0,1,TRUE,TRUE,15,0.329624357122988,0.00837624110656906
15,1,0,1,0,-2,0.422222222222222,0,0,0,1e-14,0.001,1e+07,0,1,TRUE,TRUE,14,0.320742396580018,0.0446826716390808
15,1,0,1,0,-2,0.422222222222222,0,0,0,1e-14,0.001,1e+07,0,1,TRUE,TRUE,15,0.348341691896768,0.0175584066513887
15,1,0,1,0,-2,0.422222222222222,0,0,0,1e-14,0.001,1e+07,0,1,TRUE,TRUE,14,0.374768343491416,0.0424022841533884
15,1,0,1,0,-2,0.422222222222222,0,0,0,1e-14,0.001,1e+07,0,1,TRUE,TRUE,15,0.314629843140048,0.0143977775806142
15,1,0,1,0,-2,0.422222222222222,0,0,0,1e-14,0.001,1e+07,0,1,TRUE,TRUE,14,0.357273885438499,0.0322706054425087
15,1,0,1,0,-2,0.422222222222222,0,0,0,1e-14,0.001,1e+07,0,1,TRUE,TRUE,15,0.315164940750392,0.0212448131097685
15,1,0,1,0,-2,0.422222222222222,0,0,0,1e-14,0.001,1e+07,0,1,TRUE,TRUE,15,0.329028837951519,0.0362992165112388
15,1,0,1,0,-2,0.422222222222222,0,0,0,1e-14,0.001,1e+07,0,1,TRUE,TRUE,14,0.3378542062025,0.0290081028252366
15,1,0,1,0,-2,0.422222222222222,0,0,0,1e-14,0.001,1e+07,0,1,TRUE,TRUE,15,0.320448627906464,0.0236311288049159
15,1,0,1,0,-2,0.422222222222222,0,0,0,1e-14,0.001,1e+07,0,1,TRUE,TRUE,15,0.291184786292331,0.0223829739924939
15,1,0,1,0,-2,0.422222222222222,0,0,0,1e-14,0.001,1e+07,0,1,TRUE,TRUE,15,0.315543162770046,0.0403906118590749
15,1,0,1,0,-2,0.422222222222222,0,0,0,1e-14,0.001,1e+07,0,1,TRUE,TRUE,14,0.354714301577752,0.03004540960837
15,1,0,1,0,-2,0.477777777777778,0,0,0,1e-14,0.001,1e+07,0,1,TRUE,TRUE,14,0.338415069128037,0.032961700925704
15,1,0,1,0,-2,0.477777777777778,0,0,0,1e-14,0.001,1e+07,0,1,TRUE,TRUE,14,0.338843560500432,0.037687021156615
15,1,0,1,0,-2,0.477777777777778,0,0,0,1e-14,0.001,1e+07,0,1,TRUE,TRUE,15,0.321429674731805,0.0371889508906459
15,1,0,1,0,-2,0.477777777777778,0,0,0,1e-14,0.001,1e+07,0,1,TRUE,TRUE,14,0.365113366902893,0.0301713948839846
15,1,0,1,0,-2,0.477777777777778,0,0,0,1e-14,0.001,1e+07,0,1,TRUE,TRUE,14,0.350136225153511,0.0336894012722469
15,1,0,1,0,-2,0.477777777777778,0,0,0,1e-14,0.001,1e+07,0,1,TRUE,TRUE,14,0.376534993440586,0.0231096771177971
15,1,0,1,0,-2,0.477777777777778,0,0,0,1e-14,0.001,1e+07,0,1,TRUE,TRUE,15,0.329565697868486,0.0312820471345796
15,1,0,1,0,-2,0.477777777777778,0,0,0,1e-14,0.001,1e+07,0,1,TRUE,TRUE,13,0.40366920019005,0.0375117750594292
15,1,0,1,0,-2,0.477777777777778,0,0,0,1e-14,0.001,1e+07,0,1,TRUE,TRUE,14,0.338788289334014,0.0322603415829324
15,1,0,1,0,-2,0.477777777777778,0,0,0,1e-14,0.001,1e+07,0,1,TRUE,TRUE,14,0.372764770482799,0.0242980814349415
15,1,0,1,0,-2,0.477777777777778,0,0,0,1e-14,0.001,1e+07,0,1,TRUE,TRUE,13,0.380891692863218,0.0580680337071873
15,1,0,1,0,-2,0.477777777777778,0,0,0,1e-14,0.001,1e+07,0,1,TRUE,TRUE,15,0.32517999086625,0.0581162735631504
15,1,0,1,0,-2,0.477777777777778,0,0,0,1e-14,0.001,1e+07,0,1,TRUE,TRUE,13,0.39295002750698,0.0639884671943635
15,1,0,1,0,-2,0.477777777777778,0,0,0,1e-14,0.001,1e+07,0,1,TRUE,TRUE,14,0.359402025390063,0.0336114047118495
15,1,0,1,0,-2,0.477777777777778,0,0,0,1e-14,0.001,1e+07,0,1,TRUE,TRUE,14,0.354800066160527,0.0285694151324526
15,1,0,1,0,-2,0.477777777777778,0,0,0,1e-14,0.001,1e+07,0,1,TRUE,TRUE,13,0.386043625851123,0.0319875816760351
15,1,0,1,0,-2,0.477777777777778,0,0,0,1e-14,0.001,1e+07,0,1,TRUE,TRUE,14,0.365754821853702,0.0483135337069418
15,1,0,1,0,-2,0.477777777777778,0,0,0,1e-14,0.001,1e+07,0,1,TRUE,TRUE,14,0.366489051943644,0.0329752194297584
15,1,0,1,0,-2,0.477777777777778,0,0,0,1e-14,0.001,1e+07,0,1,TRUE,TRUE,15,0.339026401137341,0.0436918247407589
15,1,0,1,0,-2,0.477777777777778,0,0,0,1e-14,0.001,1e+07,0,1,TRUE,TRUE,14,0.353807942203088,0.0507037749570354
15,1,0,1,0,-2,0.477777777777778,0,0,0,1e-14,0.001,1e+07,0,1,TRUE,TRUE,15,0.330595463144638,0.0268375863104443
15,1,0,1,0,-2,0.477777777777778,0,0,0,1e-14,0.001,1e+07,0,1,TRUE,TRUE,15,0.323864583929427,0.0204239707190682
15,1,0,1,0,-2,0.477777777777778,0,0,0,1e-14,0.001,1e+07,0,1,TRUE,TRUE,15,0.301189549773115,0.0244655138549666
15,1,0,1,0,-2,0.477777777777778,0,0,0,1e-14,0.001,1e+07,0,1,TRUE,TRUE,12,0.409839902649063,0.0926512993709224
15,1,0,1,0,-2,0.477777777777778,0,0,0,1e-14,0.001,1e+07,0,1,TRUE,TRUE,14,0.344730843702959,0.0352968455580809
15,1,0,1,0,-2,0.477777777777778,0,0,0,1e-14,0.001,1e+07,0,1,TRUE,TRUE,14,0.341842923175687,0.0201402257531254
15,1,0,1,0,-2,0.477777777777778,0,0,0,1e-14,0.001,1e+07,0,1,TRUE,TRUE,12,0.423251408481373,0.0488584021441013
15,1,0,1,0,-2,0.477777777777778,0,0,0,1e-14,0.001,1e+07,0,1,TRUE,TRUE,14,0.341167892049021,0.0403864902567441
15,1,0,1,0,-2,0.477777777777778,0,0,0,1e-14,0.001,1e+07,0,1,TRUE,TRUE,14,0.364812736459312,0.015136268596816
15,1,0,1,0,-2,0.477777777777778,0,0,0,1e-14,0.001,1e+07,0,1,TRUE,TRUE,13,0.370186389656152,0.061810785701887
15,1,0,1,0,-2,0.477777777777778,0,0,0,1e-14,0.001,1e+07,0,1,TRUE,TRUE,15,0.330888694468948,0.0393745570252286
15,1,0,1,0,-2,0.477777777777778,0,0,0,1e-14,0.001,1e+07,0,1,TRUE,TRUE,14,0.367805125604377,0.0334805728968536
15,1,0,1,0,-2,0.477777777777778,0,0,0,1e-14,0.001,1e+07,0,1,TRUE,TRUE,14,0.35529178518898,0.0479629732399381
15,1,0,1,0,-2,0.477777777777778,0,0,0,1e-14,0.001,1e+07,0,1,TRUE,TRUE,15,0.343016580160352,0.033261918929084
15,1,0,1,0,-2,0.477777777777778,0,0,0,1e-14,0.001,1e+07,0,1,TRUE,TRUE,13,0.38572574439807,0.0227671941939222
15,1,0,1,0,-2,0.477777777777778,0,0,0,1e-14,0.001,1e+07,0,1,TRUE,TRUE,14,0.366919822029289,0.026105743602442
15,1,0,1,0,-2,0.477777777777778,0,0,0,1e-14,0.001,1e+07,0,1,TRUE,TRUE,14,0.322668321129324,0.0258222721727818
15,1,0,1,0,-2,0.477777777777778,0,0,0,1e-14,0.001,1e+07,0,1,TRUE,TRUE,15,0.330039518611229,0.0547977220046983
15,1,0,1,0,-2,0.477777777777778,0,0,0,1e-14,0.001,1e+07,0,1,TRUE,TRUE,14,0.360478436514449,0.0257429849228486
15,1,0,1,0,-2,0.477777777777778,0,0,0,1e-14,0.001,1e+07,0,1,TRUE,TRUE,14,0.349287175566464,0.0207871853149661
15,1,0,1,0,-2,0.477777777777778,0,0,0,1e-14,0.001,1e+07,0,1,TRUE,TRUE,14,0.35828834419379,0.0495306058255681
15,1,0,1,0,-2,0.477777777777778,0,0,0,1e-14,0.001,1e+07,0,1,TRUE,TRUE,15,0.356766577445876,0.0453520251318031
15,1,0,1,0,-2,0.477777777777778,0,0,0,1e-14,0.001,1e+07,0,1,TRUE,TRUE,15,0.330192577586139,0.0274657348568685
15,1,0,1,0,-2,0.477777777777778,0,0,0,1e-14,0.001,1e+07,0,1,TRUE,TRUE,14,0.353549405031623,0.0307505394017591
15,1,0,1,0,-2,0.477777777777778,0,0,0,1e-14,0.001,1e+07,0,1,TRUE,TRUE,15,0.318145196291547,0.0187922113845029
15,1,0,1,0,-2,0.477777777777778,0,0,0,1e-14,0.001,1e+07,0,1,TRUE,TRUE,13,0.404299082419225,0.0352547339703085
15,1,0,1,0,-2,0.477777777777778,0,0,0,1e-14,0.001,1e+07,0,1,TRUE,TRUE,15,0.30244022499759,0.0387068916806173
15,1,0,1,0,-2,0.477777777777778,0,0,0,1e-14,0.001,1e+07,0,1,TRUE,TRUE,15,0.344123934641877,0.0296149919872992
15,1,0,1,0,-2,0.477777777777778,0,0,0,1e-14,0.001,1e+07,0,1,TRUE,TRUE,15,0.321111178881471,0.0140470780857259
15,1,0,1,0,-2,0.477777777777778,0,0,0,1e-14,0.001,1e+07,0,1,TRUE,TRUE,13,0.384712713818376,0.00824855368553294
15,1,0,1,0,-2,0.533333333333333,0,0,0,1e-14,0.001,1e+07,0,1,TRUE,TRUE,15,0.360961029402194,0.0408916998906189
15,1,0,1,0,-2,0.533333333333333,0,0,0,1e-14,0.001,1e+07,0,1,TRUE,TRUE,15,0.310051479354851,0.017825345147066
15,1,0,1,0,-2,0.533333333333333,0,0,0,1e-14,0.001,1e+07,0,1,TRUE,TRUE,14,0.369125881530173,0.03894167890613
15,1,0,1,0,-2,0.533333333333333,0,0,0,1e-14,0.001,1e+07,0,1,TRUE,TRUE,13,0.448903266110005,0.0409127512985896
15,1,0,1,0,-2,0.533333333333333,0,0,0,1e-14,0.001,1e+07,0,1,TRUE,TRUE,15,0.32829030819187,0.0253427541769584
15,1,0,1,0,-2,0.533333333333333,0,0,0,1e-14,0.001,1e+07,0,1,TRUE,TRUE,14,0.373871862049118,0.0412484763855175
15,1,0,1,0,-2,0.533333333333333,0,0,0,1e-14,0.001,1e+07,0,1,TRUE,TRUE,15,0.343401662354196,0.0313443666432904
15,1,0,1,0,-2,0.533333333333333,0,0,0,1e-14,0.001,1e+07,0,1,TRUE,TRUE,14,0.350555456039309,0.0490072070514096
15,1,0,1,0,-2,0.533333333333333,0,0,0,1e-14,0.001,1e+07,0,1,TRUE,TRUE,14,0.393051223757352,0.055533056306038
15,1,0,1,0,-2,0.533333333333333,0,0,0,1e-14,0.001,1e+07,0,1,TRUE,TRUE,13,0.420031169197282,0.0497065599911412
15,1,0,1,0,-2,0.533333333333333,0,0,0,1e-14,0.001,1e+07,0,1,TRUE,TRUE,15,0.315147488660011,0.0204756861736807
15,1,0,1,0,-2,0.533333333333333,0,0,0,1e-14,0.001,1e+07,0,1,TRUE,TRUE,14,0.344080432793596,0.0277558159852187
15,1,0,1,0,-2,0.533333333333333,0,0,0,1e-14,0.001,1e+07,0,1,TRUE,TRUE,14,0.339675779329957,0.0359396866805535
15,1,0,1,0,-2,0.533333333333333,0,0,0,1e-14,0.001,1e+07,0,1,TRUE,TRUE,14,0.334514604252481,0.0552547434585819
15,1,0,1,0,-2,0.533333333333333,0,0,0,1e-14,0.001,1e+07,0,1,TRUE,TRUE,14,0.393934350616691,0.0574701420327259
15,1,0,1,0,-2,0.533333333333333,0,0,0,1e-14,0.001,1e+07,0,1,TRUE,TRUE,14,0.358621292308914,0.0348287595302133
15,1,0,1,0,-2,0.533333333333333,0,0,0,1e-14,0.001,1e+07,0,1,TRUE,TRUE,11,0.520269285747303,0.09909854420928
15,1,0,1,0,-2,0.533333333333333,0,0,0,1e-14,0.001,1e+07,0,1,TRUE,TRUE,15,0.32381219750303,0.0259864590469867
15,1,0,1,0,-2,0.533333333333333,0,0,0,1e-14,0.001,1e+07,0,1,TRUE,TRUE,14,0.353715937057675,0.0384484198086608
15,1,0,1,0,-2,0.533333333333333,0,0,0,1e-14,0.001,1e+07,0,1,TRUE,TRUE,15,0.331992547126036,0.0529853848370622
15,1,0,1,0,-2,0.533333333333333,0,0,0,1e-14,0.001,1e+07,0,1,TRUE,TRUE,14,0.344989455154323,0.0411334550676909
15,1,0,1,0,-2,0.533333333333333,0,0,0,1e-14,0.001,1e+07,0,1,TRUE,TRUE,13,0.402345981996648,0.0402078340471767
15,1,0,1,0,-2,0.533333333333333,0,0,0,1e-14,0.001,1e+07,0,1,TRUE,TRUE,14,0.37508680611601,0.0291166020926612
15,1,0,1,0,-2,0.533333333333333,0,0,0,1e-14,0.001,1e+07,0,1,TRUE,TRUE,14,0.363544209205516,0.0567730681596889
15,1,0,1,0,-2,0.533333333333333,0,0,0,1e-14,0.001,1e+07,0,1,TRUE,TRUE,10,0.546061209349113,0.0656698426093165
15,1,0,1,0,-2,0.533333333333333,0,0,0,1e-14,0.001,1e+07,0,1,TRUE,TRUE,12,0.409997335592707,0.0609814174776935
15,1,0,1,0,-2,0.533333333333333,0,0,0,1e-14,0.001,1e+07,0,1,TRUE,TRUE,14,0.328441539263991,0.0370027638538606
15,1,0,1,0,-2,0.533333333333333,0,0,0,1e-14,0.001,1e+07,0,1,TRUE,TRUE,14,0.355403827955994,0.0245808355031889
15,1,0,1,0,-2,0.533333333333333,0,0,0,1e-14,0.001,1e+07,0,1,TRUE,TRUE,15,0.342607557061233,0.0204523119064512
15,1,0,1,0,-2,0.533333333333333,0,0,0,1e-14,0.001,1e+07,0,1,TRUE,TRUE,14,0.386593213673582,0.0481465179421736
15,1,0,1,0,-2,0.533333333333333,0,0,0,1e-14,0.001,1e+07,0,1,TRUE,TRUE,14,0.362256983590656,0.0316039986199638
15,1,0,1,0,-2,0.533333333333333,0,0,0,1e-14,0.001,1e+07,0,1,TRUE,TRUE,13,0.400666325776327,0.0502965521902368
15,1,0,1,0,-2,0.533333333333333,0,0,0,1e-14,0.001,1e+07,0,1,TRUE,TRUE,14,0.358953831256251,0.0645659008254162
15,1,0,1,0,-2,0.533333333333333,0,0,0,1e-14,0.001,1e+07,0,1,TRUE,TRUE,14,0.356746496586836,0.044760750538288
15,1,0,1,0,-2,0.533333333333333,0,0,0,1e-14,0.001,1e+07,0,1,TRUE,TRUE,13,0.369997447324269,0.0339671240119065
15,1,0,1,0,-2,0.533333333333333,0,0,0,1e-14,0.001,1e+07,0,1,TRUE,TRUE,15,0.318123214443667,0.0390526561810273
15,1,0,1,0,-2,0.533333333333333,0,0,0,1e-14,0.001,1e+07,0,1,TRUE,TRUE,15,0.371386199095504,0.0158860232584009
15,1,0,1,0,-2,0.533333333333333,0,0,0,1e-14,0.001,1e+07,0,1,TRUE,TRUE,14,0.355785920628171,0.0277969725207314
15,1,0,1,0,-2,0.533333333333333,0,0,0,1e-14,0.001,1e+07,0,1,TRUE,TRUE,14,0.35162823867944,0.0236365132232993
15,1,0,1,0,-2,0.533333333333333,0,0,0,1e-14,0.001,1e+07,0,1,TRUE,TRUE,14,0.354999629840656,0.026923298786467
15,1,0,1,0,-2,0.533333333333333,0,0,0,1e-14,0.001,1e+07,0,1,TRUE,TRUE,13,0.412655326873279,0.0493780729628985
15,1,0,1,0,-2,0.533333333333333,0,0,0,1e-14,0.001,1e+07,0,1,TRUE,TRUE,15,0.329148865940413,0.0290610123595783
15,1,0,1,0,-2,0.533333333333333,0,0,0,1e-14,0.001,1e+07,0,1,TRUE,TRUE,13,0.395912686010117,0.0438049109521555
15,1,0,1,0,-2,0.533333333333333,0,0,0,1e-14,0.001,1e+07,0,1,TRUE,TRUE,15,0.373820785481818,0.0454570787662136
15,1,0,1,0,-2,0.533333333333333,0,0,0,1e-14,0.001,1e+07,0,1,TRUE,TRUE,14,0.379055109430943,0.0464498107775591
15,1,0,1,0,-2,0.533333333333333,0,0,0,1e-14,0.001,1e+07,0,1,TRUE,TRUE,13,0.380763867476504,0.0225180602909486
15,1,0,1,0,-2,0.533333333333333,0,0,0,1e-14,0.001,1e+07,0,1,TRUE,TRUE,14,0.357498217078068,0.040628479575518
15,1,0,1,0,-2,0.533333333333333,0,0,0,1e-14,0.001,1e+07,0,1,TRUE,TRUE,15,0.330602118565384,0.00638314276370162
15,1,0,1,0,-2,0.533333333333333,0,0,0,1e-14,0.001,1e+07,0,1,TRUE,TRUE,13,0.389695618526843,0.0171147755131301
15,1,0,1,0,-2,0.533333333333333,0,0,0,1e-14,0.001,1e+07,0,1,TRUE,TRUE,14,0.33616587888524,0.0660655677170263
15,1,0,1,0,-2,0.588888888888889,0,0,0,1e-14,0.001,1e+07,0,1,TRUE,TRUE,13,0.418905839821117,0.0271673070824204
15,1,0,1,0,-2,0.588888888888889,0,0,0,1e-14,0.001,1e+07,0,1,TRUE,TRUE,13,0.407228876555657,0.0494175101354418
15,1,0,1,0,-2,0.588888888888889,0,0,0,1e-14,0.001,1e+07,0,1,TRUE,TRUE,14,0.358038808634102,0.04336043952936
15,1,0,1,0,-2,0.588888888888889,0,0,0,1e-14,0.001,1e+07,0,1,TRUE,TRUE,12,0.407787346907084,0.0355029503753745
15,1,0,1,0,-2,0.588888888888889,0,0,0,1e-14,0.001,1e+07,0,1,TRUE,TRUE,14,0.32807163593766,0.0400406292378008
15,1,0,1,0,-2,0.588888888888889,0,0,0,1e-14,0.001,1e+07,0,1,TRUE,TRUE,13,0.37879919530993,0.0339152665553943
15,1,0,1,0,-2,0.588888888888889,0,0,0,1e-14,0.001,1e+07,0,1,TRUE,TRUE,11,0.440520083900658,0.092048855667849
15,1,0,1,0,-2,0.588888888888889,0,0,0,1e-14,0.001,1e+07,0,1,TRUE,TRUE,15,0.348450861272763,0.0217169503102272
15,1,0,1,0,-2,0.588888888888889,0,0,0,1e-14,0.001,1e+07,0,1,TRUE,TRUE,11,0.486642286879174,0.0576538960909376
15,1,0,1,0,-2,0.588888888888889,0,0,0,1e-14,0.001,1e+07,0,1,TRUE,TRUE,11,0.46281650481086,0.0390360102876087
15,1,0,1,0,-2,0.588888888888889,0,0,0,1e-14,0.001,1e+07,0,1,TRUE,TRUE,13,0.387398811312054,0.0630644740401324
15,1,0,1,0,-2,0.588888888888889,0,0,0,1e-14,0.001,1e+07,0,1,TRUE,TRUE,14,0.389229956036499,0.0937572237326621
15,1,0,1,0,-2,0.588888888888889,0,0,0,1e-14,0.001,1e+07,0,1,TRUE,TRUE,15,0.32489408211672,0.0369339333732283
15,1,0,1,0,-2,0.588888888888889,0,0,0,1e-14,0.001,1e+07,0,1,TRUE,TRUE,13,0.386373050007438,0.0622905755800948
15,1,0,1,0,-2,0.588888888888889,0,0,0,1e-14,0.001,1e+07,0,1,TRUE,TRUE,14,0.345456013847168,0.025562587383953
15,1,0,1,0,-2,0.588888888888889,0,0,0,1e-14,0.001,1e+07,0,1,TRUE,TRUE,13,0.398980683598531,0.0486182543262289
15,1,0,1,0,-2,0.588888888888889,0,0,0,1e-14,0.001,1e+07,0,1,TRUE,TRUE,14,0.34234477870246,0.0224954099380667
15,1,0,1,0,-2,0.588888888888889,0,0,0,1e-14,0.001,1e+07,0,1,TRUE,TRUE,12,0.364744667359045,0.0701046886949089
15,1,0,1,0,-2,0.588888888888889,0,0,0,1e-14,0.001,1e+07,0,1,TRUE,TRUE,11,0.469058253557332,0.0316696577176774
15,1,0,1,0,-2,0.588888888888889,0,0,0,1e-14,0.001,1e+07,0,1,TRUE,TRUE,14,0.370606917370311,0.0573509810094849
15,1,0,1,0,-2,0.588888888888889,0,0,0,1e-14,0.001,1e+07,0,1,TRUE,TRUE,13,0.452074298988913,0.150138735817994
15,1,0,1,0,-2,0.588888888888889,0,0,0,1e-14,0.001,1e+07,0,1,TRUE,TRUE,15,0.330468612819173,0.0480365241330857
15,1,0,1,0,-2,0.588888888888889,0,0,0,1e-14,0.001,1e+07,0,1,TRUE,TRUE,13,0.379166864626558,0.0586574708381719
15,1,0,1,0,-2,0.588888888888889,0,0,0,1e-14,0.001,1e+07,0,1,TRUE,TRUE,13,0.362697804566944,0.028268658283732
15,1,0,1,0,-2,0.588888888888889,0,0,0,1e-14,0.001,1e+07,0,1,TRUE,TRUE,13,0.39489176117682,0.0561917327955056
15,1,0,1,0,-2,0.588888888888889,0,0,0,1e-14,0.001,1e+07,0,1,TRUE,TRUE,13,0.406120689663445,0.0697337698239383
15,1,0,1,0,-2,0.588888888888889,0,0,0,1e-14,0.001,1e+07,0,1,TRUE,TRUE,13,0.380913176966022,0.0489906485735322
15,1,0,1,0,-2,0.588888888888889,0,0,0,1e-14,0.001,1e+07,0,1,TRUE,TRUE,14,0.372529615344198,0.0312999552064595
15,1,0,1,0,-2,0.588888888888889,0,0,0,1e-14,0.001,1e+07,0,1,TRUE,TRUE,13,0.378062752317053,0.051517968691567
15,1,0,1,0,-2,0.588888888888889,0,0,0,1e-14,0.001,1e+07,0,1,TRUE,TRUE,12,0.420599910332219,0.0422913726773013
15,1,0,1,0,-2,0.588888888888889,0,0,0,1e-14,0.001,1e+07,0,1,TRUE,TRUE,14,0.414810892034691,0.132885809509917
15,1,0,1,0,-2,0.588888888888889,0,0,0,1e-14,0.001,1e+07,0,1,TRUE,TRUE,10,0.504909319861901,0.0922926510054271
15,1,0,1,0,-2,0.588888888888889,0,0,0,1e-14,0.001,1e+07,0,1,TRUE,TRUE,15,0.332578843190086,0.0281332699494114
15,1,0,1,0,-2,0.588888888888889,0,0,0,1e-14,0.001,1e+07,0,1,TRUE,TRUE,12,0.420892289745464,0.036098739952733
15,1,0,1,0,-2,0.588888888888889,0,0,0,1e-14,0.001,1e+07,0,1,TRUE,TRUE,12,0.421927496355357,0.0320559922197268
15,1,0,1,0,-2,0.588888888888889,0,0,0,1e-14,0.001,1e+07,0,1,TRUE,TRUE,14,0.353203633886177,0.0142723593520196
15,1,0,1,0,-2,0.588888888888889,0,0,0,1e-14,0.001,1e+07,0,1,TRUE,TRUE,12,0.40500804093001,0.0691628730566391
15,1,0,1,0,-2,0.588888888888889,0,0,0,1e-14,0.001,1e+07,0,1,TRUE,TRUE,14,0.356860115215357,0.0318805694499182
15,1,0,1,0,-2,0.588888888888889,0,0,0,1e-14,0.001,1e+07,0,1,TRUE,TRUE,11,0.503561547784405,0.0525945717477726
15,1,0,1,0,-2,0.588888888888889,0,0,0,1e-14,0.001,1e+07,0,1,TRUE,TRUE,14,0.351245667134259,0.0778659514709731
15,1,0,1,0,-2,0.588888888888889,0,0,0,1e-14,0.001,1e+07,0,1,TRUE,TRUE,15,0.325260303406029,0.0276313016323465
15,1,0,1,0,-2,0.588888888888889,0,0,0,1e-14,0.001,1e+07,0,1,TRUE,TRUE,13,0.376639374264245,0.0545767484966165
15,1,0,1,0,-2,0.588888888888889,0,0,0,1e-14,0.001,1e+07,0,1,TRUE,TRUE,13,0.404535441548035,0.0560319763080136
15,1,0,1,0,-2,0.588888888888889,0,0,0,1e-14,0.001,1e+07,0,1,TRUE,TRUE,13,0.404084942635787,0.049764456593387
15,1,0,1,0,-2,0.588888888888889,0,0,0,1e-14,0.001,1e+07,0,1,TRUE,TRUE,15,0.34530735907562,0.0329875235438519
15,1,0,1,0,-2,0.588888888888889,0,0,0,1e-14,0.001,1e+07,0,1,TRUE,TRUE,14,0.350876166734832,0.045495697719081
15,1,0,1,0,-2,0.588888888888889,0,0,0,1e-14,0.001,1e+07,0,1,TRUE,TRUE,11,0.509214971206317,0.0775711525505785
15,1,0,1,0,-2,0.588888888888889,0,0,0,1e-14,0.001,1e+07,0,1,TRUE,TRUE,13,0.364845563237019,0.0354845589692299
15,1,0,1,0,-2,0.588888888888889,0,0,0,1e-14,0.001,1e+07,0,1,TRUE,TRUE,12,0.435170349833545,0.062616482529026
15,1,0,1,0,-2,0.588888888888889,0,0,0,1e-14,0.001,1e+07,0,1,TRUE,TRUE,13,0.399701396477065,0.0287810179156715
15,1,0,1,0,-2,0.644444444444444,0,0,0,1e-14,0.001,1e+07,0,1,TRUE,TRUE,14,0.366983238741309,0.0720311171219569
15,1,0,1,0,-2,0.644444444444444,0,0,0,1e-14,0.001,1e+07,0,1,TRUE,TRUE,13,0.356855007249305,0.0839996105880448
15,1,0,1,0,-2,0.644444444444444,0,0,0,1e-14,0.001,1e+07,0,1,TRUE,TRUE,13,0.423589369405137,0.0543573105046696
15,1,0,1,0,-2,0.644444444444444,0,0,0,1e-14,0.001,1e+07,0,1,TRUE,TRUE,12,0.47406131188512,0.057280126800164
15,1,0,1,0,-2,0.644444444444444,0,0,0,1e-14,0.001,1e+07,0,1,TRUE,TRUE,14,0.35416228309972,0.0333437602608719
15,1,0,1,0,-2,0.644444444444444,0,0,0,1e-14,0.001,1e+07,0,1,TRUE,TRUE,12,0.450900543580617,0.0810979366506129
15,1,0,1,0,-2,0.644444444444444,0,0,0,1e-14,0.001,1e+07,0,1,TRUE,TRUE,12,0.442171618075237,0.0224736459671188
15,1,0,1,0,-2,0.644444444444444,0,0,0,1e-14,0.001,1e+07,0,1,TRUE,TRUE,14,0.339432388392055,0.024591608276448
15,1,0,1,0,-2,0.644444444444444,0,0,0,1e-14,0.001,1e+07,0,1,TRUE,TRUE,13,0.401881051778993,0.0282223022431139
15,1,0,1,0,-2,0.644444444444444,0,0,0,1e-14,0.001,1e+07,0,1,TRUE,TRUE,11,0.442206377547334,0.0576756244639244
15,1,0,1,0,-2,0.644444444444444,0,0,0,1e-14,0.001,1e+07,0,1,TRUE,TRUE,15,0.326324579575796,0.0202664330015391
15,1,0,1,0,-2,0.644444444444444,0,0,0,1e-14,0.001,1e+07,0,1,TRUE,TRUE,11,0.4525987388405,0.0354425714711191
15,1,0,1,0,-2,0.644444444444444,0,0,0,1e-14,0.001,1e+07,0,1,TRUE,TRUE,11,0.499766974546789,0.0812794163485879
15,1,0,1,0,-2,0.644444444444444,0,0,0,1e-14,0.001,1e+07,0,1,TRUE,TRUE,13,0.376794227387152,0.0693505627718787
15,1,0,1,0,-2,0.644444444444444,0,0,0,1e-14,0.001,1e+07,0,1,TRUE,TRUE,12,0.463833631663845,0.025061619764471
15,1,0,1,0,-2,0.644444444444444,0,0,0,1e-14,0.001,1e+07,0,1,TRUE,TRUE,12,0.391603959062276,0.0471483002004567
15,1,0,1,0,-2,0.644444444444444,0,0,0,1e-14,0.001,1e+07,0,1,TRUE,TRUE,12,0.448415745781877,0.0450151536579746
15,1,0,1,0,-2,0.644444444444444,0,0,0,1e-14,0.001,1e+07,0,1,TRUE,TRUE,14,0.355995348571187,0.0284579313734927
15,1,0,1,0,-2,0.644444444444444,0,0,0,1e-14,0.001,1e+07,0,1,TRUE,TRUE,13,0.410761236105118,0.0841510423743381
15,1,0,1,0,-2,0.644444444444444,0,0,0,1e-14,0.001,1e+07,0,1,TRUE,TRUE,14,0.349595535116449,0.0273097026082604
15,1,0,1,0,-2,0.644444444444444,0,0,0,1e-14,0.001,1e+07,0,1,TRUE,TRUE,14,0.379065301227634,0.0582802531220306
15,1,0,1,0,-2,0.644444444444444,0,0,0,1e-14,0.001,1e+07,0,1,TRUE,TRUE,12,0.476469958112032,0.0428314860458084
15,1,0,1,0,-2,0.644444444444444,0,0,0,1e-14,0.001,1e+07,0,1,TRUE,TRUE,12,0.416886437386387,0.0644319168937416
15,1,0,1,0,-2,0.644444444444444,0,0,0,1e-14,0.001,1e+07,0,1,TRUE,TRUE,12,0.436551762336346,0.0412833645230563
15,1,0,1,0,-2,0.644444444444444,0,0,0,1e-14,0.001,1e+07,0,1,TRUE,TRUE,13,0.36437093900827,0.0205356613058874
15,1,0,1,0,-2,0.644444444444444,0,0,0,1e-14,0.001,1e+07,0,1,TRUE,TRUE,14,0.362421922544405,0.0361630149495267
15,1,0,1,0,-2,0.644444444444444,0,0,0,1e-14,0.001,1e+07,0,1,TRUE,TRUE,12,0.458731037076191,0.0956495046088363
15,1,0,1,0,-2,0.644444444444444,0,0,0,1e-14,0.001,1e+07,0,1,TRUE,TRUE,12,0.431733893258418,0.0263384900113779
15,1,0,1,0,-2,0.644444444444444,0,0,0,1e-14,0.001,1e+07,0,1,TRUE,TRUE,12,0.36581527811238,0.0143277689085989
15,1,0,1,0,-2,0.644444444444444,0,0,0,1e-14,0.001,1e+07,0,1,TRUE,TRUE,12,0.469827717831557,0.0257220136575967
15,1,0,1,0,-2,0.644444444444444,0,0,0,1e-14,0.001,1e+07,0,1,TRUE,TRUE,11,0.51170731629574,0.0874534516325444
15,1,0,1,0,-2,0.644444444444444,0,0,0,1e-14,0.001,1e+07,0,1,TRUE,TRUE,14,0.367949346697087,0.06825430854276
15,1,0,1,0,-2,0.644444444444444,0,0,0,1e-14,0.001,1e+07,0,1,TRUE,TRUE,12,0.394483270779329,0.0729410365743079
15,1,0,1,0,-2,0.644444444444444,0,0,0,1e-14,0.001,1e+07,0,1,TRUE,TRUE,10,0.454475324202371,0.0435780588573391
15,1,0,1,0,-2,0.644444444444444,0,0,0,1e-14,0.001,1e+07,0,1,TRUE,TRUE,14,0.356583495570488,0.030112070269932
15,1,0,1,0,-2,0.644444444444444,0,0,0,1e-14,0.001,1e+07,0,1,TRUE,TRUE,11,0.487331012715156,0.0603630779057935
15,1,0,1,0,-2,0.644444444444444,0,0,0,1e-14,0.001,1e+07,0,1,TRUE,TRUE,11,0.48382243248785,0.046081109241467
15,1,0,1,0,-2,0.644444444444444,0,0,0,1e-14,0.001,1e+07,0,1,TRUE,TRUE,10,0.544572210452105,0.105784976546814
15,1,0,1,0,-2,0.644444444444444,0,0,0,1e-14,0.001,1e+07,0,1,TRUE,TRUE,10,0.482242520054698,0.0544907958258015
15,1,0,1,0,-2,0.644444444444444,0,0,0,1e-14,0.001,1e+07,0,1,TRUE,TRUE,14,0.350073077065131,0.0429565252910974
15,1,0,1,0,-2,0.644444444444444,0,0,0,1e-14,0.001,1e+07,0,1,TRUE,TRUE,14,0.364044357141741,0.0489639157884916
15,1,0,1,0,-2,0.644444444444444,0,0,0,1e-14,0.001,1e+07,0,1,TRUE,TRUE,14,0.374823872185844,0.0274707262984384
15,1,0,1,0,-2,0.644444444444444,0,0,0,1e-14,0.001,1e+07,0,1,TRUE,TRUE,13,0.384865467834901,0.0744588709848348
15,1,0,1,0,-2,0.644444444444444,0,0,0,1e-14,0.001,1e+07,0,1,TRUE,TRUE,14,0.319020654601142,0.0320931910766247
15,1,0,1,0,-2,0.644444444444444,0,0,0,1e-14,0.001,1e+07,0,1,TRUE,TRUE,14,0.364102880050074,0.107939016020596
15,1,0,1,0,-2,0.644444444444444,0,0,0,1e-14,0.001,1e+07,0,1,TRUE,TRUE,13,0.380610058165376,0.0279379145613838
15,1,0,1,0,-2,0.644444444444444,0,0,0,1e-14,0.001,1e+07,0,1,TRUE,TRUE,14,0.388570380144276,0.0390925738006912
15,1,0,1,0,-2,0.644444444444444,0,0,0,1e-14,0.001,1e+07,0,1,TRUE,TRUE,12,0.419334468830423,0.0539340946890318
15,1,0,1,0,-2,0.644444444444444,0,0,0,1e-14,0.001,1e+07,0,1,TRUE,TRUE,13,0.366733118103803,0.0463828474026079
15,1,0,1,0,-2,0.644444444444444,0,0,0,1e-14,0.001,1e+07,0,1,TRUE,TRUE,12,0.42967290680279,0.0350159347473174
15,1,0,1,0,-2,0.7,0,0,0,1e-14,0.001,1e+07,0,1,TRUE,TRUE,12,0.419507587915301,0.0537062222950421
15,1,0,1,0,-2,0.7,0,0,0,1e-14,0.001,1e+07,0,1,TRUE,TRUE,12,0.410449866969974,0.0408505164657028
15,1,0,1,0,-2,0.7,0,0,0,1e-14,0.001,1e+07,0,1,TRUE,TRUE,11,0.482171266593434,0.0494802755136805
15,1,0,1,0,-2,0.7,0,0,0,1e-14,0.001,1e+07,0,1,TRUE,TRUE,14,0.409394336974757,0.0498766276435489
15,1,0,1,0,-2,0.7,0,0,0,1e-14,0.001,1e+07,0,1,TRUE,TRUE,13,0.413290210912581,0.0992626012020078
15,1,0,1,0,-2,0.7,0,0,0,1e-14,0.001,1e+07,0,1,TRUE,TRUE,14,0.374581343652417,0.0502798924944564
15,1,0,1,0,-2,0.7,0,0,0,1e-14,0.001,1e+07,0,1,TRUE,TRUE,11,0.481664640109188,0.0672161827661898
15,1,0,1,0,-2,0.7,0,0,0,1e-14,0.001,1e+07,0,1,TRUE,TRUE,13,0.418231137385865,0.0633694465171582
15,1,0,1,0,-2,0.7,0,0,0,1e-14,0.001,1e+07,0,1,TRUE,TRUE,12,0.410078697480932,0.0846905858399628
15,1,0,1,0,-2,0.7,0,0,0,1e-14,0.001,1e+07,0,1,TRUE,TRUE,13,0.401306219661579,0.0616125383386536
15,1,0,1,0,-2,0.7,0,0,0,1e-14,0.001,1e+07,0,1,TRUE,TRUE,13,0.36852521955444,0.0464078781136586
15,1,0,1,0,-2,0.7,0,0,0,1e-14,0.001,1e+07,0,1,TRUE,TRUE,11,0.475952491951015,0.0150937346883905
15,1,0,1,0,-2,0.7,0,0,0,1e-14,0.001,1e+07,0,1,TRUE,TRUE,13,0.359255144824739,0.0437374681290052
15,1,0,1,0,-2,0.7,0,0,0,1e-14,0.001,1e+07,0,1,TRUE,TRUE,12,0.414275586450436,0.0497727149844558
15,1,0,1,0,-2,0.7,0,0,0,1e-14,0.001,1e+07,0,1,TRUE,TRUE,13,0.385298213059995,0.0802905551351944
15,1,0,1,0,-2,0.7,0,0,0,1e-14,0.001,1e+07,0,1,TRUE,TRUE,12,0.392255462245638,0.0704657874105674
15,1,0,1,0,-2,0.7,0,0,0,1e-14,0.001,1e+07,0,1,TRUE,TRUE,12,0.38405706316205,0.0742992004635362
15,1,0,1,0,-2,0.7,0,0,0,1e-14,0.001,1e+07,0,1,TRUE,TRUE,9,0.63446437872033,0.130381646423752
15,1,0,1,0,-2,0.7,0,0,0,1e-14,0.001,1e+07,0,1,TRUE,TRUE,8,0.722633937868087,0.1299679203846
15,1,0,1,0,-2,0.7,0,0,0,1e-14,0.001,1e+07,0,1,TRUE,TRUE,12,0.440110263008411,0.059246242083658
15,1,0,1,0,-2,0.7,0,0,0,1e-14,0.001,1e+07,0,1,TRUE,TRUE,12,0.409555129431602,0.0536711977591251
15,1,0,1,0,-2,0.7,0,0,0,1e-14,0.001,1e+07,0,1,TRUE,TRUE,12,0.402170830668654,0.0627459915388544
15,1,0,1,0,-2,0.7,0,0,0,1e-14,0.001,1e+07,0,1,TRUE,TRUE,12,0.439492163209005,0.0883013123532937
15,1,0,1,0,-2,0.7,0,0,0,1e-14,0.001,1e+07,0,1,TRUE,TRUE,13,0.366685756158008,0.0414854223618613
15,1,0,1,0,-2,0.7,0,0,0,1e-14,0.001,1e+07,0,1,TRUE,TRUE,12,0.454732574432209,0.0968029507560369
15,1,0,1,0,-2,0.7,0,0,0,1e-14,0.001,1e+07,0,1,TRUE,TRUE,9,0.548892118997907,0.162101152753184
15,1,0,1,0,-2,0.7,0,0,0,1e-14,0.001,1e+07,0,1,TRUE,TRUE,9,0.533817982397359,0.115832495200293
15,1,0,1,0,-2,0.7,0,0,0,1e-14,0.001,1e+07,0,1,TRUE,TRUE,12,0.443198331241794,0.0968218243040667
15,1,0,1,0,-2,0.7,0,0,0,1e-14,0.001,1e+07,0,1,TRUE,TRUE,13,0.378724381861886,0.069936379800146
15,1,0,1,0,-2,0.7,0,0,0,1e-14,0.001,1e+07,0,1,TRUE,TRUE,12,0.513215867345115,0.138634926040292
15,1,0,1,0,-2,0.7,0,0,0,1e-14,0.001,1e+07,0,1,TRUE,TRUE,12,0.399730859640442,0.0820217584992208
15,1,0,1,0,-2,0.7,0,0,0,1e-14,0.001,1e+07,0,1,TRUE,TRUE,13,0.424185293840455,0.0367596291888984
15,1,0,1,0,-2,0.7,0,0,0,1e-14,0.001,1e+07,0,1,TRUE,TRUE,14,0.325623308894497,0.0491371628042612
15,1,0,1,0,-2,0.7,0,0,0,1e-14,0.001,1e+07,0,1,TRUE,TRUE,12,0.406148681250391,0.0713009580367724
15,1,0,1,0,-2,0.7,0,0,0,1e-14,0.001,1e+07,0,1,TRUE,TRUE,11,0.468342081835156,0.0849927528559886
15,1,0,1,0,-2,0.7,0,0,0,1e-14,0.001,1e+07,0,1,TRUE,TRUE,12,0.400473639717508,0.033018022241441
15,1,0,1,0,-2,0.7,0,0,0,1e-14,0.001,1e+07,0,1,TRUE,TRUE,12,0.453007069563833,0.0291026198140485
15,1,0,1,0,-2,0.7,0,0,0,1e-14,0.001,1e+07,0,1,TRUE,TRUE,11,0.475487253262702,0.0694224966971054
15,1,0,1,0,-2,0.7,0,0,0,1e-14,0.001,1e+07,0,1,TRUE,TRUE,14,0.332101500902329,0.0659351461275124
15,1,0,1,0,-2,0.7,0,0,0,1e-14,0.001,1e+07,0,1,TRUE,TRUE,11,0.48383176273485,0.0990339521870057
15,1,0,1,0,-2,0.7,0,0,0,1e-14,0.001,1e+07,0,1,TRUE,TRUE,12,0.445928961810673,0.0351940356765543
15,1,0,1,0,-2,0.7,0,0,0,1e-14,0.001,1e+07,0,1,TRUE,TRUE,11,0.43550439242568,0.0457721060453853
15,1,0,1,0,-2,0.7,0,0,0,1e-14,0.001,1e+07,0,1,TRUE,TRUE,13,0.355211347080737,0.0598012812022714
15,1,0,1,0,-2,0.7,0,0,0,1e-14,0.001,1e+07,0,1,TRUE,TRUE,11,0.440748510319827,0.0564711002143295
15,1,0,1,0,-2,0.7,0,0,0,1e-14,0.001,1e+07,0,1,TRUE,TRUE,14,0.33808857472342,0.0336286453671057
15,1,0,1,0,-2,0.7,0,0,0,1e-14,0.001,1e+07,0,1,TRUE,TRUE,12,0.384091280577864,0.0914013689515489
15,1,0,1,0,-2,0.7,0,0,0,1e-14,0.001,1e+07,0,1,TRUE,TRUE,11,0.45995728220454,0.061750217106264
15,1,0,1,0,-2,0.7,0,0,0,1e-14,0.001,1e+07,0,1,TRUE,TRUE,13,0.41809345488731,0.0859253959014012
15,1,0,1,0,-2,0.7,0,0,0,1e-14,0.001,1e+07,0,1,TRUE,TRUE,11,0.440062212725342,0.0304986352093623
15,1,0,1,0,-2,0.7,0,0,0,1e-14,0.001,1e+07,0,1,TRUE,TRUE,14,0.379443487379768,0.113185730651228
