"S","MuR","SigmaR","MuD","SigmaD","MuA","SigmaA","Rho","MuB","SigmaB","AbdCutoff","GrCutoff","EndTime","IniMin","IniMax","Equilibrium","Uninvasible","NumCoexist","MeanAbd","VarAbd"
15,1,0,1,0,-2,0.2,0,0,0,1e-14,0.001,1e+07,0,1,TRUE,TRUE,15,0.342557614329189,0.0072228181553661
15,1,0,1,0,-2,0.2,0,0,0,1e-14,0.001,1e+07,0,1,TRUE,TRUE,15,0.333365598218365,0.00337654955859951
15,1,0,1,0,-2,0.2,0,0,0,1e-14,0.001,1e+07,0,1,TRUE,TRUE,15,0.340482074732376,0.00369222060821296
15,1,0,1,0,-2,0.2,0,0,0,1e-14,0.001,1e+07,0,1,TRUE,TRUE,15,0.331701088316114,0.0142104445498354
15,1,0,1,0,-2,0.2,0,0,0,1e-14,0.001,1e+07,0,1,TRUE,TRUE,15,0.334606041325261,0.0113488211231205
15,1,0,1,0,-2,0.2,0,0,0,1e-14,0.001,1e+07,0,1,TRUE,TRUE,15,0.328034927210542,0.00546824041554781
15,1,0,1,0,-2,0.2,0,0,0,1e-14,0.001,1e+07,0,1,TRUE,TRUE,15,0.338514933879193,0.00752961382778385
15,1,0,1,0,-2,0.2,0,0,0,1e-14,0.001,1e+07,0,1,TRUE,TRUE,15,0.338250200068968,0.00464474568113912
15,1,0,1,0,-2,0.2,0,0,0,1e-14,0.001,1e+07,0,1,TRUE,TRUE,15,0.332957964468596,0.00430547307294499
15,1,0,1,0,-2,0.2,0,0,0,1e-14,0.001,1e+07,0,1,TRUE,TRUE,15,0.340954519524983,0.00627089138533389
15,1,0,1,0,-2,0.2,0,0,0,1e-14,0.001,1e+07,0,1,TRUE,TRUE,15,0.338227680602499,0.00983905867599675
15,1,0,1,0,-2,0.2,0,0,0,1e-14,0.001,1e+07,0,1,TRUE,TRUE,15,0.335864497173275,0.00461463978223048
15,1,0,1,0,-2,0.2,0,0,0,1e-14,0.001,1e+07,0,1,TRUE,TRUE,15,0.34032010802116,0.00566183966592774
15,1,0,1,0,-2,0.2,0,0,0,1e-14,0.001,1e+07,0,1,TRUE,TRUE,15,0.328218115897088,0.0091635778138828
15,1,0,1,0,-2,0.2,0,0,0,1e-14,0.001,1e+07,0,1,TRUE,TRUE,15,0.329824572682948,0.00413451340121121
15,1,0,1,0,-2,0.2,0,0,0,1e-14,0.001,1e+07,0,1,TRUE,TRUE,15,0.327037491926923,0.00750311754550726
15,1,0,1,0,-2,0.2,0,0,0,1e-14,0.001,1e+07,0,1,TRUE,TRUE,15,0.327942475767535,0.0108747469581998
15,1,0,1,0,-2,0.2,0,0,0,1e-14,0.001,1e+07,0,1,TRUE,TRUE,15,0.345850032641129,0.00395791350686511
15,1,0,1,0,-2,0.2,0,0,0,1e-14,0.001,1e+07,0,1,TRUE,TRUE,15,0.330661045711714,0.0109038414549922
15,1,0,1,0,-2,0.2,0,0,0,1e-14,0.001,1e+07,0,1,TRUE,TRUE,15,0.324852542800201,0.00471427755115638
15,1,0,1,0,-2,0.2,0,0,0,1e-14,0.001,1e+07,0,1,TRUE,TRUE,15,0.3302156401964,0.0125176069547503
15,1,0,1,0,-2,0.2,0,0,0,1e-14,0.001,1e+07,0,1,TRUE,TRUE,15,0.340526648305809,0.00588870252912573
15,1,0,1,0,-2,0.2,0,0,0,1e-14,0.001,1e+07,0,1,TRUE,TRUE,15,0.32193152164434,0.00912611960747178
15,1,0,1,0,-2,0.2,0,0,0,1e-14,0.001,1e+07,0,1,TRUE,TRUE,15,0.3399674452591,0.00445779210814758
15,1,0,1,0,-2,0.2,0,0,0,1e-14,0.001,1e+07,0,1,TRUE,TRUE,15,0.335895311926719,0.00625940909040019
15,1,0,1,0,-2,0.2,0,0,0,1e-14,0.001,1e+07,0,1,TRUE,TRUE,15,0.338270227133758,0.00384295075414881
15,1,0,1,0,-2,0.2,0,0,0,1e-14,0.001,1e+07,0,1,TRUE,TRUE,15,0.334398085283156,0.00647341017768655
15,1,0,1,0,-2,0.2,0,0,0,1e-14,0.001,1e+07,0,1,TRUE,TRUE,15,0.336959929686909,0.00611952708689324
15,1,0,1,0,-2,0.2,0,0,0,1e-14,0.001,1e+07,0,1,TRUE,TRUE,15,0.331301431437735,0.00747381321636297
15,1,0,1,0,-2,0.2,0,0,0,1e-14,0.001,1e+07,0,1,TRUE,TRUE,15,0.337472462448484,0.0100685217191479
15,1,0,1,0,-2,0.2,0,0,0,1e-14,0.001,1e+07,0,1,TRUE,TRUE,15,0.336353272611501,0.00392139285484178
15,1,0,1,0,-2,0.2,0,0,0,1e-14,0.001,1e+07,0,1,TRUE,TRUE,15,0.329096729468038,0.00324745421704919
15,1,0,1,0,-2,0.2,0,0,0,1e-14,0.001,1e+07,0,1,TRUE,TRUE,15,0.331091425157739,0.00648628237527089
15,1,0,1,0,-2,0.2,0,0,0,1e-14,0.001,1e+07,0,1,TRUE,TRUE,15,0.327740687390104,0.00591518101852174
15,1,0,1,0,-2,0.2,0,0,0,1e-14,0.001,1e+07,0,1,TRUE,TRUE,15,0.345733084676421,0.00631751690430255
15,1,0,1,0,-2,0.2,0,0,0,1e-14,0.001,1e+07,0,1,TRUE,TRUE,15,0.324670562228565,0.0072517519137439
15,1,0,1,0,-2,0.2,0,0,0,1e-14,0.001,1e+07,0,1,TRUE,TRUE,15,0.333233742613822,0.010118402389509
15,1,0,1,0,-2,0.2,0,0,0,1e-14,0.001,1e+07,0,1,TRUE,TRUE,15,0.334222873566571,0.00624198378689248
15,1,0,1,0,-2,0.2,0,0,0,1e-14,0.001,1e+07,0,1,TRUE,TRUE,15,0.336069937286871,0.00963456919557753
15,1,0,1,0,-2,0.2,0,0,0,1e-14,0.001,1e+07,0,1,TRUE,TRUE,15,0.326276215682096,0.00874964432309185
15,1,0,1,0,-2,0.2,0,0,0,1e-14,0.001,1e+07,0,1,TRUE,TRUE,15,0.337595209385577,0.00801305506302832
15,1,0,1,0,-2,0.2,0,0,0,1e-14,0.001,1e+07,0,1,TRUE,TRUE,15,0.338968160142193,0.00497744347543958
15,1,0,1,0,-2,0.2,0,0,0,1e-14,0.001,1e+07,0,1,TRUE,TRUE,15,0.324684797377783,0.00857989543390551
15,1,0,1,0,-2,0.2,0,0,0,1e-14,0.001,1e+07,0,1,TRUE,TRUE,15,0.340602264059468,0.00634820089707164
15,1,0,1,0,-2,0.2,0,0,0,1e-14,0.001,1e+07,0,1,TRUE,TRUE,15,0.328470075163508,0.00402083634923336
15,1,0,1,0,-2,0.2,0,0,0,1e-14,0.001,1e+07,0,1,TRUE,TRUE,15,0.325091981865436,0.00356357785990072
15,1,0,1,0,-2,0.2,0,0,0,1e-14,0.001,1e+07,0,1,TRUE,TRUE,15,0.333207683628234,0.0138607112209796
15,1,0,1,0,-2,0.2,0,0,0,1e-14,0.001,1e+07,0,1,TRUE,TRUE,15,0.329839586636498,0.0100591325798355
15,1,0,1,0,-2,0.2,0,0,0,1e-14,0.001,1e+07,0,1,TRUE,TRUE,15,0.33599727312412,0.00560392763992227
15,1,0,1,0,-2,0.2,0,0,0,1e-14,0.001,1e+07,0,1,TRUE,TRUE,15,0.327118697722662,0.00432855926202952
15,1,0,1,0,-2,0.255555555555556,0,0,0,1e-14,0.001,1e+07,0,1,TRUE,TRUE,15,0.32876020694779,0.0236814627527674
15,1,0,1,0,-2,0.255555555555556,0,0,0,1e-14,0.001,1e+07,0,1,TRUE,TRUE,15,0.323008198469985,0.00979848319177901
15,1,0,1,0,-2,0.255555555555556,0,0,0,1e-14,0.001,1e+07,0,1,TRUE,TRUE,15,0.34084135626424,0.0131520435808802
15,1,0,1,0,-2,0.255555555555556,0,0,0,1e-14,0.001,1e+07,0,1,TRUE,TRUE,15,0.3391714301441,0.00561707883695112
15,1,0,1,0,-2,0.255555555555556,0,0,0,1e-14,0.001,1e+07,0,1,TRUE,TRUE,15,0.32440716305104,0.00827504206810967
15,1,0,1,0,-2,0.255555555555556,0,0,0,1e-14,0.001,1e+07,0,1,TRUE,TRUE,15,0.326650247958987,0.0117654095077114
15,1,0,1,0,-2,0.255555555555556,0,0,0,1e-14,0.001,1e+07,0,1,TRUE,TRUE,15,0.328813468325596,0.00821385462397578
15,1,0,1,0,-2,0.255555555555556,0,0,0,1e-14,0.001,1e+07,0,1,TRUE,TRUE,15,0.329431201012061,0.0125729556126914
15,1,0,1,0,-2,0.255555555555556,0,0,0,1e-14,0.001,1e+07,0,1,TRUE,TRUE,15,0.319718167234021,0.00618831047332432
15,1,0,1,0,-2,0.255555555555556,0,0,0,1e-14,0.001,1e+07,0,1,TRUE,TRUE,15,0.33306173574845,0.010256767483126
15,1,0,1,0,-2,0.255555555555556,0,0,0,1e-14,0.001,1e+07,0,1,TRUE,TRUE,15,0.330772192835197,0.0126323326847084
15,1,0,1,0,-2,0.255555555555556,0,0,0,1e-14,0.001,1e+07,0,1,TRUE,TRUE,15,0.335647593810124,0.00991267909733492
15,1,0,1,0,-2,0.255555555555556,0,0,0,1e-14,0.001,1e+07,0,1,TRUE,TRUE,15,0.34080452707927,0.00739061840253204
15,1,0,1,0,-2,0.255555555555556,0,0,0,1e-14,0.001,1e+07,0,1,TRUE,TRUE,15,0.335062015329937,0.0122197456906825
15,1,0,1,0,-2,0.255555555555556,0,0,0,1e-14,0.001,1e+07,0,1,TRUE,TRUE,15,0.327081239614845,0.0126759735393608
15,1,0,1,0,-2,0.255555555555556,0,0,0,1e-14,0.001,1e+07,0,1,TRUE,TRUE,15,0.335522136575634,0.0108413912423256
15,1,0,1,0,-2,0.255555555555556,0,0,0,1e-14,0.001,1e+07,0,1,TRUE,TRUE,15,0.332339974788347,0.00544023304877857
15,1,0,1,0,-2,0.255555555555556,0,0,0,1e-14,0.001,1e+07,0,1,TRUE,TRUE,15,0.352729900451054,0.0205517688317488
15,1,0,1,0,-2,0.255555555555556,0,0,0,1e-14,0.001,1e+07,0,1,TRUE,TRUE,15,0.32831031235399,0.0135717161425713
15,1,0,1,0,-2,0.255555555555556,0,0,0,1e-14,0.001,1e+07,0,1,TRUE,TRUE,15,0.335743144291317,0.00721364069191241
15,1,0,1,0,-2,0.255555555555556,0,0,0,1e-14,0.001,1e+07,0,1,TRUE,TRUE,15,0.328444095003822,0.011499560105553
15,1,0,1,0,-2,0.255555555555556,0,0,0,1e-14,0.001,1e+07,0,1,TRUE,TRUE,15,0.336461029018533,0.0198998116820529
15,1,0,1,0,-2,0.255555555555556,0,0,0,1e-14,0.001,1e+07,0,1,TRUE,TRUE,15,0.345793698746173,0.00996261229598901
15,1,0,1,0,-2,0.255555555555556,0,0,0,1e-14,0.001,1e+07,0,1,TRUE,TRUE,15,0.325566912126649,0.00766789221528395
15,1,0,1,0,-2,0.255555555555556,0,0,0,1e-14,0.001,1e+07,0,1,TRUE,TRUE,15,0.331296655448765,0.00481009741722714
15,1,0,1,0,-2,0.255555555555556,0,0,0,1e-14,0.001,1e+07,0,1,TRUE,TRUE,15,0.336207411112628,0.0132856555835809
15,1,0,1,0,-2,0.255555555555556,0,0,0,1e-14,0.001,1e+07,0,1,TRUE,TRUE,15,0.330218227370568,0.00903532975099618
15,1,0,1,0,-2,0.255555555555556,0,0,0,1e-14,0.001,1e+07,0,1,TRUE,TRUE,15,0.328984954789107,0.00852836816406908
15,1,0,1,0,-2,0.255555555555556,0,0,0,1e-14,0.001,1e+07,0,1,TRUE,TRUE,15,0.334524361268882,0.00849686536877499
15,1,0,1,0,-2,0.255555555555556,0,0,0,1e-14,0.001,1e+07,0,1,TRUE,TRUE,15,0.323763655933049,0.0174741472230844
15,1,0,1,0,-2,0.255555555555556,0,0,0,1e-14,0.001,1e+07,0,1,TRUE,TRUE,15,0.322510792275863,0.00598952091059454
15,1,0,1,0,-2,0.255555555555556,0,0,0,1e-14,0.001,1e+07,0,1,TRUE,TRUE,15,0.336327431613483,0.00748578605535057
15,1,0,1,0,-2,0.255555555555556,0,0,0,1e-14,0.001,1e+07,0,1,TRUE,TRUE,15,0.337972031986665,0.00598035281181475
15,1,0,1,0,-2,0.255555555555556,0,0,0,1e-14,0.001,1e+07,0,1,TRUE,TRUE,15,0.3294308519538,0.0129602642799224
15,1,0,1,0,-2,0.255555555555556,0,0,0,1e-14,0.001,1e+07,0,1,TRUE,TRUE,15,0.324618924064213,0.0128080686955646
15,1,0,1,0,-2,0.255555555555556,0,0,0,1e-14,0.001,1e+07,0,1,TRUE,TRUE,15,0.321607791219482,0.0218138481958963
15,1,0,1,0,-2,0.255555555555556,0,0,0,1e-14,0.001,1e+07,0,1,TRUE,TRUE,15,0.335137313455909,0.0058697811198565
15,1,0,1,0,-2,0.255555555555556,0,0,0,1e-14,0.001,1e+07,0,1,TRUE,TRUE,15,0.323243704167122,0.00521195018568456
15,1,0,1,0,-2,0.255555555555556,0,0,0,1e-14,0.001,1e+07,0,1,TRUE,TRUE,15,0.330845566983384,0.00829426873466422
15,1,0,1,0,-2,0.255555555555556,0,0,0,1e-14,0.001,1e+07,0,1,TRUE,TRUE,15,0.333050909564334,0.0110622090779661
15,1,0,1,0,-2,0.255555555555556,0,0,0,1e-14,0.001,1e+07,0,1,TRUE,TRUE,15,0.320498978262176,0.0110214263317684
15,1,0,1,0,-2,0.255555555555556,0,0,0,1e-14,0.001,1e+07,0,1,TRUE,TRUE,15,0.327882544874025,0.0130036469420705
15,1,0,1,0,-2,0.255555555555556,0,0,0,1e-14,0.001,1e+07,0,1,TRUE,TRUE,15,0.336962003906572,0.0135874508630567
15,1,0,1,0,-2,0.255555555555556,0,0,0,1e-14,0.001,1e+07,0,1,TRUE,TRUE,15,0.330093973768213,0.016105333869548
15,1,0,1,0,-2,0.255555555555556,0,0,0,1e-14,0.001,1e+07,0,1,TRUE,TRUE,15,0.327532409366474,0.00705350534528457
15,1,0,1,0,-2,0.255555555555556,0,0,0,1e-14,0.001,1e+07,0,1,TRUE,TRUE,15,0.330347871486521,0.00662311861669425
15,1,0,1,0,-2,0.255555555555556,0,0,0,1e-14,0.001,1e+07,0,1,TRUE,TRUE,15,0.332916759516909,0.0106924768767492
15,1,0,1,0,-2,0.255555555555556,0,0,0,1e-14,0.001,1e+07,0,1,TRUE,TRUE,15,0.333194736969795,0.00681205441478743
15,1,0,1,0,-2,0.255555555555556,0,0,0,1e-14,0.001,1e+07,0,1,TRUE,TRUE,15,0.341322345006268,0.00626764186604008
15,1,0,1,0,-2,0.255555555555556,0,0,0,1e-14,0.001,1e+07,0,1,TRUE,TRUE,15,0.333865276178525,0.00511694305969016
15,1,0,1,0,-2,0.311111111111111,0,0,0,1e-14,0.001,1e+07,0,1,TRUE,TRUE,15,0.320860068915696,0.0117105692141514
15,1,0,1,0,-2,0.311111111111111,0,0,0,1e-14,0.001,1e+07,0,1,TRUE,TRUE,15,0.336561620410443,0.022652708973938
15,1,0,1,0,-2,0.311111111111111,0,0,0,1e-14,0.001,1e+07,0,1,TRUE,TRUE,15,0.336382994043096,0.0124148905661527
15,1,0,1,0,-2,0.311111111111111,0,0,0,1e-14,0.001,1e+07,0,1,TRUE,TRUE,15,0.32558013546017,0.0143039509333596
15,1,0,1,0,-2,0.311111111111111,0,0,0,1e-14,0.001,1e+07,0,1,TRUE,TRUE,15,0.328455904576633,0.01622369153899
15,1,0,1,0,-2,0.311111111111111,0,0,0,1e-14,0.001,1e+07,0,1,TRUE,TRUE,14,0.340131645756888,0.0135432730087034
15,1,0,1,0,-2,0.311111111111111,0,0,0,1e-14,0.001,1e+07,0,1,TRUE,TRUE,14,0.360582549128952,0.0317618718060668
15,1,0,1,0,-2,0.311111111111111,0,0,0,1e-14,0.001,1e+07,0,1,TRUE,TRUE,15,0.333052336913717,0.0081972005728703
15,1,0,1,0,-2,0.311111111111111,0,0,0,1e-14,0.001,1e+07,0,1,TRUE,TRUE,15,0.337088329540332,0.00846200705298404
15,1,0,1,0,-2,0.311111111111111,0,0,0,1e-14,0.001,1e+07,0,1,TRUE,TRUE,15,0.319198858635034,0.0105035188673846
15,1,0,1,0,-2,0.311111111111111,0,0,0,1e-14,0.001,1e+07,0,1,TRUE,TRUE,15,0.329925848645813,0.00618048847858062
15,1,0,1,0,-2,0.311111111111111,0,0,0,1e-14,0.001,1e+07,0,1,TRUE,TRUE,15,0.338886512723771,0.00988338918652901
15,1,0,1,0,-2,0.311111111111111,0,0,0,1e-14,0.001,1e+07,0,1,TRUE,TRUE,15,0.333108729809176,0.00826922279818067
15,1,0,1,0,-2,0.311111111111111,0,0,0,1e-14,0.001,1e+07,0,1,TRUE,TRUE,15,0.341750804772792,0.0301385498232456
15,1,0,1,0,-2,0.311111111111111,0,0,0,1e-14,0.001,1e+07,0,1,TRUE,TRUE,15,0.325528741271011,0.018842428223055
15,1,0,1,0,-2,0.311111111111111,0,0,0,1e-14,0.001,1e+07,0,1,TRUE,TRUE,15,0.341839169864403,0.00860481819266375
15,1,0,1,0,-2,0.311111111111111,0,0,0,1e-14,0.001,1e+07,0,1,TRUE,TRUE,15,0.3292354471144,0.00639102745661976
15,1,0,1,0,-2,0.311111111111111,0,0,0,1e-14,0.001,1e+07,0,1,TRUE,TRUE,15,0.335150721077131,0.0300150149825244
15,1,0,1,0,-2,0.311111111111111,0,0,0,1e-14,0.001,1e+07,0,1,TRUE,TRUE,15,0.337383460838683,0.00961722029603291
15,1,0,1,0,-2,0.311111111111111,0,0,0,1e-14,0.001,1e+07,0,1,TRUE,TRUE,15,0.337351851353795,0.00845286005891543
15,1,0,1,0,-2,0.311111111111111,0,0,0,1e-14,0.001,1e+07,0,1,TRUE,TRUE,15,0.341212176197739,0.0174782282490323
15,1,0,1,0,-2,0.311111111111111,0,0,0,1e-14,0.001,1e+07,0,1,TRUE,TRUE,15,0.338274350531292,0.0130763505741137
15,1,0,1,0,-2,0.311111111111111,0,0,0,1e-14,0.001,1e+07,0,1,TRUE,TRUE,15,0.338476052185907,0.0247635216157759
15,1,0,1,0,-2,0.311111111111111,0,0,0,1e-14,0.001,1e+07,0,1,TRUE,TRUE,15,0.336482988404594,0.0120585864847131
15,1,0,1,0,-2,0.311111111111111,0,0,0,1e-14,0.001,1e+07,0,1,TRUE,TRUE,15,0.338764060324712,0.00954484919807152
15,1,0,1,0,-2,0.311111111111111,0,0,0,1e-14,0.001,1e+07,0,1,TRUE,TRUE,15,0.311702101941342,0.0113249961273348
15,1,0,1,0,-2,0.311111111111111,0,0,0,1e-14,0.001,1e+07,0,1,TRUE,TRUE,15,0.344447513952296,0.00767858942147308
15,1,0,1,0,-2,0.311111111111111,0,0,0,1e-14,0.001,1e+07,0,1,TRUE,TRUE,15,0.323390587645877,0.015905278529191
15,1,0,1,0,-2,0.311111111111111,0,0,0,1e-14,0.001,1e+07,0,1,TRUE,TRUE,15,0.330514154966256,0.00826008868018379
15,1,0,1,0,-2,0.311111111111111,0,0,0,1e-14,0.001,1e+07,0,1,TRUE,TRUE,14,0.362937375533908,0.00706669824740275
15,1,0,1,0,-2,0.311111111111111,0,0,0,1e-14,0.001,1e+07,0,1,TRUE,TRUE,15,0.33363007292286,0.0160641349949291
15,1,0,1,0,-2,0.311111111111111,0,0,0,1e-14,0.001,1e+07,0,1,TRUE,TRUE,15,0.344117985450966,0.0202860752908659
15,1,0,1,0,-2,0.311111111111111,0,0,0,1e-14,0.001,1e+07,0,1,TRUE,TRUE,15,0.33247975124819,0.0101758088768106
15,1,0,1,0,-2,0.311111111111111,0,0,0,1e-14,0.001,1e+07,0,1,TRUE,TRUE,15,0.328902521688173,0.0102792857631366
15,1,0,1,0,-2,0.311111111111111,0,0,0,1e-14,0.001,1e+07,0,1,TRUE,TRUE,15,0.330093466811814,0.0129019148666896
15,1,0,1,0,-2,0.311111111111111,0,0,0,1e-14,0.001,1e+07,0,1,TRUE,TRUE,15,0.346903867232755,0.0152139508337558
15,1,0,1,0,-2,0.311111111111111,0,0,0,1e-14,0.001,1e+07,0,1,TRUE,TRUE,15,0.319855267474909,0.0177584004144403
15,1,0,1,0,-2,0.311111111111111,0,0,0,1e-14,0.001,1e+07,0,1,TRUE,TRUE,15,0.321429477674609,0.016676241357382
15,1,0,1,0,-2,0.311111111111111,0,0,0,1e-14,0.001,1e+07,0,1,TRUE,TRUE,14,0.37153943763773,0.0129537736627513
15,1,0,1,0,-2,0.311111111111111,0,0,0,1e-14,0.001,1e+07,0,1,TRUE,TRUE,15,0.327999482967043,0.0181209792897601
15,1,0,1,0,-2,0.311111111111111,0,0,0,1e-14,0.001,1e+07,0,1,TRUE,TRUE,15,0.343745164285804,0.0148650805480247
15,1,0,1,0,-2,0.311111111111111,0,0,0,1e-14,0.001,1e+07,0,1,TRUE,TRUE,15,0.322826852720477,0.0138905330765621
15,1,0,1,0,-2,0.311111111111111,0,0,0,1e-14,0.001,1e+07,0,1,TRUE,TRUE,15,0.33032666757555,0.00766986403660829
15,1,0,1,0,-2,0.311111111111111,0,0,0,1e-14,0.001,1e+07,0,1,TRUE,TRUE,15,0.330330701588588,0.00916670821252057
15,1,0,1,0,-2,0.311111111111111,0,0,0,1e-14,0.001,1e+07,0,1,TRUE,TRUE,14,0.347719822703243,0.0175276731681885
15,1,0,1,0,-2,0.311111111111111,0,0,0,1e-14,0.001,1e+07,0,1,TRUE,TRUE,15,0.320949502561833,0.0189305612611587
15,1,0,1,0,-2,0.311111111111111,0,0,0,1e-14,0.001,1e+07,0,1,TRUE,TRUE,15,0.32009187474097,0.0143834208703338
15,1,0,1,0,-2,0.311111111111111,0,0,0,1e-14,0.001,1e+07,0,1,TRUE,TRUE,15,0.329315679957981,0.0147392872216954
15,1,0,1,0,-2,0.311111111111111,0,0,0,1e-14,0.001,1e+07,0,1,TRUE,TRUE,15,0.329629894792787,0.0148856358011745
15,1,0,1,0,-2,0.311111111111111,0,0,0,1e-14,0.001,1e+07,0,1,TRUE,TRUE,15,0.324820478310394,0.0133787029693044
15,1,0,1,0,-2,0.366666666666667,0,0,0,1e-14,0.001,1e+07,0,1,TRUE,TRUE,15,0.322181739443388,0.0191990842431003
15,1,0,1,0,-2,0.366666666666667,0,0,0,1e-14,0.001,1e+07,0,1,TRUE,TRUE,15,0.33695168818677,0.0320351164298816
15,1,0,1,0,-2,0.366666666666667,0,0,0,1e-14,0.001,1e+07,0,1,TRUE,TRUE,15,0.343087250933576,0.0171956355731238
15,1,0,1,0,-2,0.366666666666667,0,0,0,1e-14,0.001,1e+07,0,1,TRUE,TRUE,14,0.342476694130854,0.0236550734301346
15,1,0,1,0,-2,0.366666666666667,0,0,0,1e-14,0.001,1e+07,0,1,TRUE,TRUE,15,0.327057785126271,0.00699242240304096
15,1,0,1,0,-2,0.366666666666667,0,0,0,1e-14,0.001,1e+07,0,1,TRUE,TRUE,15,0.334146738097392,0.00934737902378218
15,1,0,1,0,-2,0.366666666666667,0,0,0,1e-14,0.001,1e+07,0,1,TRUE,TRUE,15,0.329775456487422,0.0101432950415314
15,1,0,1,0,-2,0.366666666666667,0,0,0,1e-14,0.001,1e+07,0,1,TRUE,TRUE,15,0.323156228593536,0.0255889851976514
15,1,0,1,0,-2,0.366666666666667,0,0,0,1e-14,0.001,1e+07,0,1,TRUE,TRUE,15,0.3144514619271,0.0158189629201703
15,1,0,1,0,-2,0.366666666666667,0,0,0,1e-14,0.001,1e+07,0,1,TRUE,TRUE,14,0.349961620548744,0.0161255291179527
15,1,0,1,0,-2,0.366666666666667,0,0,0,1e-14,0.001,1e+07,0,1,TRUE,TRUE,15,0.321976065913057,0.0196867392677621
15,1,0,1,0,-2,0.366666666666667,0,0,0,1e-14,0.001,1e+07,0,1,TRUE,TRUE,15,0.343158060088106,0.0128288614930754
15,1,0,1,0,-2,0.366666666666667,0,0,0,1e-14,0.001,1e+07,0,1,TRUE,TRUE,15,0.311361201324862,0.00964470576649243
15,1,0,1,0,-2,0.366666666666667,0,0,0,1e-14,0.001,1e+07,0,1,TRUE,TRUE,15,0.335001476986647,0.0173849887805356
15,1,0,1,0,-2,0.366666666666667,0,0,0,1e-14,0.001,1e+07,0,1,TRUE,TRUE,15,0.318200933680908,0.0109109222290784
15,1,0,1,0,-2,0.366666666666667,0,0,0,1e-14,0.001,1e+07,0,1,TRUE,TRUE,14,0.362192393335693,0.029306261503933
15,1,0,1,0,-2,0.366666666666667,0,0,0,1e-14,0.001,1e+07,0,1,TRUE,TRUE,15,0.334574854342136,0.0224389953186139
15,1,0,1,0,-2,0.366666666666667,0,0,0,1e-14,0.001,1e+07,0,1,TRUE,TRUE,14,0.359990065752809,0.0418265442524841
15,1,0,1,0,-2,0.366666666666667,0,0,0,1e-14,0.001,1e+07,0,1,TRUE,TRUE,15,0.324333407286644,0.014594399115483
15,1,0,1,0,-2,0.366666666666667,0,0,0,1e-14,0.001,1e+07,0,1,TRUE,TRUE,14,0.334738569482441,0.0143094385801072
15,1,0,1,0,-2,0.366666666666667,0,0,0,1e-14,0.001,1e+07,0,1,TRUE,TRUE,14,0.35529058946409,0.0176193133138641
15,1,0,1,0,-2,0.366666666666667,0,0,0,1e-14,0.001,1e+07,0,1,TRUE,TRUE,15,0.340524689880571,0.0172989147358701
15,1,0,1,0,-2,0.366666666666667,0,0,0,1e-14,0.001,1e+07,0,1,TRUE,TRUE,15,0.330847646101427,0.0167216237400381
15,1,0,1,0,-2,0.366666666666667,0,0,0,1e-14,0.001,1e+07,0,1,TRUE,TRUE,15,0.327504256020656,0.0174173943350249
15,1,0,1,0,-2,0.366666666666667,0,0,0,1e-14,0.001,1e+07,0,1,TRUE,TRUE,15,0.342487449811732,0.0283862646003166
15,1,0,1,0,-2,0.366666666666667,0,0,0,1e-14,0.001,1e+07,0,1,TRUE,TRUE,15,0.322878728158264,0.0136895593271909
15,1,0,1,0,-2,0.366666666666667,0,0,0,1e-14,0.001,1e+07,0,1,TRUE,TRUE,15,0.32521601480196,0.00871712351528063
15,1,0,1,0,-2,0.366666666666667,0,0,0,1e-14,0.001,1e+07,0,1,TRUE,TRUE,15,0.327017430980405,0.0141643453643089
15,1,0,1,0,-2,0.366666666666667,0,0,0,1e-14,0.001,1e+07,0,1,TRUE,TRUE,15,0.338029186145738,0.0170581603215288
15,1,0,1,0,-2,0.366666666666667,0,0,0,1e-14,0.001,1e+07,0,1,TRUE,TRUE,15,0.32640991023093,0.0200644210074734
15,1,0,1,0,-2,0.366666666666667,0,0,0,1e-14,0.001,1e+07,0,1,TRUE,TRUE,15,0.319764538729123,0.019875650334177
15,1,0,1,0,-2,0.366666666666667,0,0,0,1e-14,0.001,1e+07,0,1,TRUE,TRUE,15,0.322621399262749,0.0167442942278593
15,1,0,1,0,-2,0.366666666666667,0,0,0,1e-14,0.001,1e+07,0,1,TRUE,TRUE,15,0.305190961894539,0.028899619367023
15,1,0,1,0,-2,0.366666666666667,0,0,0,1e-14,0.001,1e+07,0,1,TRUE,TRUE,15,0.342825270704074,0.0445137839741054
15,1,0,1,0,-2,0.366666666666667,0,0,0,1e-14,0.001,1e+07,0,1,TRUE,TRUE,15,0.328954113685331,0.0139770604709442
15,1,0,1,0,-2,0.366666666666667,0,0,0,1e-14,0.001,1e+07,0,1,TRUE,TRUE,15,0.336228152920657,0.0152778017015893
15,1,0,1,0,-2,0.366666666666667,0,0,0,1e-14,0.001,1e+07,0,1,TRUE,TRUE,14,0.354394668469564,0.0172940913446586
15,1,0,1,0,-2,0.366666666666667,0,0,0,1e-14,0.001,1e+07,0,1,TRUE,TRUE,14,0.350748778765938,0.0273442701890907
15,1,0,1,0,-2,0.366666666666667,0,0,0,1e-14,0.001,1e+07,0,1,TRUE,TRUE,15,0.350041231723683,0.0137064439514288
15,1,0,1,0,-2,0.366666666666667,0,0,0,1e-14,0.001,1e+07,0,1,TRUE,TRUE,15,0.340845577058917,0.0186328891688157
15,1,0,1,0,-2,0.366666666666667,0,0,0,1e-14,0.001,1e+07,0,1,TRUE,TRUE,14,0.364640261796101,0.022255213551483
15,1,0,1,0,-2,0.366666666666667,0,0,0,1e-14,0.001,1e+07,0,1,TRUE,TRUE,15,0.32864972363453,0.0194907632395536
15,1,0,1,0,-2,0.366666666666667,0,0,0,1e-14,0.001,1e+07,0,1,TRUE,TRUE,14,0.36979577391733,0.0218915644544042
15,1,0,1,0,-2,0.366666666666667,0,0,0,1e-14,0.001,1e+07,0,1,TRUE,TRUE,14,0.343417242835862,0.0346835239972398
15,1,0,1,0,-2,0.366666666666667,0,0,0,1e-14,0.001,1e+07,0,1,TRUE,TRUE,15,0.32416451299956,0.0359320684896926
15,1,0,1,0,-2,0.366666666666667,0,0,0,1e-14,0.001,1e+07,0,1,TRUE,TRUE,15,0.321613187311884,0.0255114491806121
15,1,0,1,0,-2,0.366666666666667,0,0,0,1e-14,0.001,1e+07,0,1,TRUE,TRUE,15,0.328508412007086,0.0125401002971014
15,1,0,1,0,-2,0.366666666666667,0,0,0,1e-14,0.001,1e+07,0,1,TRUE,TRUE,15,0.329712201414584,0.0368116550316625
15,1,0,1,0,-2,0.366666666666667,0,0,0,1e-14,0.001,1e+07,0,1,TRUE,TRUE,15,0.334823727006746,0.0162597643951165
15,1,0,1,0,-2,0.366666666666667,0,0,0,1e-14,0.001,1e+07,0,1,TRUE,TRUE,15,0.319379126027514,0.0136738105720981
15,1,0,1,0,-2,0.422222222222222,0,0,0,1e-14,0.001,1e+07,0,1,TRUE,TRUE,15,0.353764017927657,0.0266762434929525
15,1,0,1,0,-2,0.422222222222222,0,0,0,1e-14,0.001,1e+07,0,1,TRUE,TRUE,15,0.343189333907485,0.0312538136864398
15,1,0,1,0,-2,0.422222222222222,0,0,0,1e-14,0.001,1e+07,0,1,TRUE,TRUE,14,0.341768281701039,0.0426388815660764
15,1,0,1,0,-2,0.422222222222222,0,0,0,1e-14,0.001,1e+07,0,1,TRUE,TRUE,15,0.321734923088718,0.0178320665279935
15,1,0,1,0,-2,0.422222222222222,0,0,0,1e-14,0.001,1e+07,0,1,TRUE,TRUE,15,0.331944135805263,0.0438270898287207
15,1,0,1,0,-2,0.422222222222222,0,0,0,1e-14,0.001,1e+07,0,1,TRUE,TRUE,15,0.311320492298168,0.0366690677867269
15,1,0,1,0,-2,0.422222222222222,0,0,0,1e-14,0.001,1e+07,0,1,TRUE,TRUE,15,0.324398811377497,0.0254625233260323
15,1,0,1,0,-2,0.422222222222222,0,0,0,1e-14,0.001,1e+07,0,1,TRUE,TRUE,15,0.345546129929967,0.0262670242949825
15,1,0,1,0,-2,0.422222222222222,0,0,0,1e-14,0.001,1e+07,0,1,TRUE,TRUE,15,0.350122048965751,0.0514339027925994
15,1,0,1,0,-2,0.422222222222222,0,0,0,1e-14,0.001,1e+07,0,1,TRUE,TRUE,13,0.367508072723922,0.0317000918183862
15,1,0,1,0,-2,0.422222222222222,0,0,0,1e-14,0.001,1e+07,0,1,TRUE,TRUE,15,0.316128827386082,0.0544346181543487
15,1,0,1,0,-2,0.422222222222222,0,0,0,1e-14,0.001,1e+07,0,1,TRUE,TRUE,15,0.334007675507725,0.0264304557005471
15,1,0,1,0,-2,0.422222222222222,0,0,0,1e-14,0.001,1e+07,0,1,TRUE,TRUE,14,0.343857740725055,0.0382888599209039
15,1,0,1,0,-2,0.422222222222222,0,0,0,1e-14,0.001,1e+07,0,1,TRUE,TRUE,15,0.348760714430207,0.0390729009039085
15,1,0,1,0,-2,0.422222222222222,0,0,0,1e-14,0.001,1e+07,0,1,TRUE,TRUE,14,0.356766265015752,0.0549858212864454
15,1,0,1,0,-2,0.422222222222222,0,0,0,1e-14,0.001,1e+07,0,1,TRUE,TRUE,15,0.341796224077692,0.0567118587841184
15,1,0,1,0,-2,0.422222222222222,0,0,0,1e-14,0.001,1e+07,0,1,TRUE,TRUE,14,0.369262711526226,0.0387808185228087
15,1,0,1,0,-2,0.422222222222222,0,0,0,1e-14,0.001,1e+07,0,1,TRUE,TRUE,15,0.35936342470631,0.010715301723558
15,1,0,1,0,-2,0.422222222222222,0,0,0,1e-14,0.001,1e+07,0,1,TRUE,TRUE,14,0.367659063571272,0.0357936078367242
15,1,0,1,0,-2,0.422222222222222,0,0,0,1e-14,0.001,1e+07,0,1,TRUE,TRUE,15,0.313539310474505,0.0278180004828591
15,1,0,1,0,-2,0.422222222222222,0,0,0,1e-14,0.001,1e+07,0,1,TRUE,TRUE,14,0.365359819393636,0.0363446192264915
15,1,0,1,0,-2,0.422222222222222,0,0,0,1e-14,0.001,1e+07,0,1,TRUE,TRUE,15,0.332100065952678,0.0177739219153751
15,1,0,1,0,-2,0.422222222222222,0,0,0,1e-14,0.001,1e+07,0,1,TRUE,TRUE,15,0.334969520362184,0.0363130083874266
15,1,0,1,0,-2,0.422222222222222,0,0,0,1e-14,0.001,1e+07,0,1,TRUE,TRUE,15,0.347464245799473,0.0211743926050296
15,1,0,1,0,-2,0.422222222222222,0,0,0,1e-14,0.001,1e+07,0,1,TRUE,TRUE,14,0.358504963351496,0.0196459937691286
15,1,0,1,0,-2,0.422222222222222,0,0,0,1e-14,0.001,1e+07,0,1,TRUE,TRUE,15,0.328176061307121,0.0461194601073298
15,1,0,1,0,-2,0.422222222222222,0,0,0,1e-14,0.001,1e+07,0,1,TRUE,TRUE,15,0.333003420972871,0.0089864817161869
15,1,0,1,0,-2,0.422222222222222,0,0,0,1e-14,0.001,1e+07,0,1,TRUE,TRUE,15,0.331070193118347,0.0114175930673695
15,1,0,1,0,-2,0.422222222222222,0,0,0,1e-14,0.001,1e+07,0,1,TRUE,TRUE,14,0.339061148862696,0.0238202347281132
15,1,0,1,0,-2,0.422222222222222,0,0,0,1e-14,0.001,1e+07,0,1,TRUE,TRUE,15,0.340477372359239,0.0184591028867636
15,1,0,1,0,-2,0.422222222222222,0,0,0,1e-14,0.001,1e+07,0,1,TRUE,TRUE,14,0.323239320345762,0.0299957283985217
15,1,0,1,0,-2,0.422222222222222,0,0,0,1e-14,0.001,1e+07,0,1,TRUE,TRUE,15,0.332736537021459,0.0234325447270228
15,1,0,1,0,-2,0.422222222222222,0,0,0,1e-14,0.001,1e+07,0,1,TRUE,TRUE,15,0.323589774328432,0.0294048721214161
15,1,0,1,0,-2,0.422222222222222,0,0,0,1e-14,0.001,1e+07,0,1,TRUE,TRUE,13,0.359252716696275,0.0206668256531002
15,1,0,1,0,-2,0.422222222222222,0,0,0,1e-14,0.001,1e+07,0,1,TRUE,TRUE,13,0.386024111876093,0.0388501405362384
15,1,0,1,0,-2,0.422222222222222,0,0,0,1e-14,0.001,1e+07,0,1,TRUE,TRUE,14,0.379995697539031,0.0216420784341356
15,1,0,1,0,-2,0.422222222222222,0,0,0,1e-14,0.001,1e+07,0,1,TRUE,TRUE,15,0.343365066540268,0.0201401477399686
15,1,0,1,0,-2,0.422222222222222,0,0,0,1e-14,0.001,1e+07,0,1,TRUE,TRUE,15,0.331523686364381,0.012864876726629
15,1,0,1,0,-2,0.422222222222222,0,0,0,1e-14,0.001,1e+07,0,1,TRUE,TRUE,15,0.335471540598444,0.0204671494258121
15,1,0,1,0,-2,0.422222222222222,0,0,0,1e-14,0.001,1e+07,0,1,TRUE,TRUE,13,0.358508565838697,0.0361520075051998
15,1,0,1,0,-2,0.422222222222222,0,0,0,1e-14,0.001,1e+07,0,1,TRUE,TRUE,14,0.358427550581883,0.0337664341241814
15,1,0,1,0,-2,0.422222222222222,0,0,0,1e-14,0.001,1e+07,0,1,TRUE,TRUE,13,0.366197444541267,0.0335708091688913
15,1,0,1,0,-2,0.422222222222222,0,0,0,1e-14,0.001,1e+07,0,1,TRUE,TRUE,15,0.322216914682774,0.0265594570458201
15,1,0,1,0,-2,0.422222222222222,0,0,0,1e-14,0.001,1e+07,0,1,TRUE,TRUE,15,0.328489939690178,0.0209248887946281
15,1,0,1,0,-2,0.422222222222222,0,0,0,1e-14,0.001,1e+07,0,1,TRUE,TRUE,14,0.384017737314387,0.0453544376670356
15,1,0,1,0,-2,0.422222222222222,0,0,0,1e-14,0.001,1e+07,0,1,TRUE,TRUE,14,0.371817479920658,0.0193402594944155
15,1,0,1,0,-2,0.422222222222222,0,0,0,1e-14,0.001,1e+07,0,1,TRUE,TRUE,15,0.325065431351219,0.0183739637129577
15,1,0,1,0,-2,0.422222222222222,0,0,0,1e-14,0.001,1e+07,0,1,TRUE,TRUE,14,0.344189431761786,0.0411418140246104
15,1,0,1,0,-2,0.422222222222222,0,0,0,1e-14,0.001,1e+07,0,1,TRUE,TRUE,15,0.328464703816585,0.0157285630293468
15,1,0,1,0,-2,0.422222222222222,0,0,0,1e-14,0.001,1e+07,0,1,TRUE,TRUE,15,0.332680192084265,0.017903127669315
15,1,0,1,0,-2,0.477777777777778,0,0,0,1e-14,0.001,1e+07,0,1,TRUE,TRUE,14,0.350527618586671,0.0538412609228967
15,1,0,1,0,-2,0.477777777777778,0,0,0,1e-14,0.001,1e+07,0,1,TRUE,TRUE,14,0.353906893096431,0.0435026332746714
15,1,0,1,0,-2,0.477777777777778,0,0,0,1e-14,0.001,1e+07,0,1,TRUE,TRUE,13,0.374405013212946,0.017082722164537
15,1,0,1,0,-2,0.477777777777778,0,0,0,1e-14,0.001,1e+07,0,1,TRUE,TRUE,14,0.370289393635691,0.0485969931352808
15,1,0,1,0,-2,0.477777777777778,0,0,0,1e-14,0.001,1e+07,0,1,TRUE,TRUE,12,0.403910776546091,0.046711887467216
15,1,0,1,0,-2,0.477777777777778,0,0,0,1e-14,0.001,1e+07,0,1,TRUE,TRUE,14,0.348494929027467,0.0174732370489653
15,1,0,1,0,-2,0.477777777777778,0,0,0,1e-14,0.001,1e+07,0,1,TRUE,TRUE,14,0.335085173698211,0.0241070730162072
15,1,0,1,0,-2,0.477777777777778,0,0,0,1e-14,0.001,1e+07,0,1,TRUE,TRUE,12,0.456800586980159,0.0701251541791753
15,1,0,1,0,-2,0.477777777777778,0,0,0,1e-14,0.001,1e+07,0,1,TRUE,TRUE,14,0.36378962418234,0.040353846079869
15,1,0,1,0,-2,0.477777777777778,0,0,0,1e-14,0.001,1e+07,0,1,TRUE,TRUE,14,0.347219162874438,0.0288148299044839
15,1,0,1,0,-2,0.477777777777778,0,0,0,1e-14,0.001,1e+07,0,1,TRUE,TRUE,15,0.34299274280217,0.0494930632344987
15,1,0,1,0,-2,0.477777777777778,0,0,0,1e-14,0.001,1e+07,0,1,TRUE,TRUE,13,0.366050635369108,0.0509229555265008
15,1,0,1,0,-2,0.477777777777778,0,0,0,1e-14,0.001,1e+07,0,1,TRUE,TRUE,15,0.347642207136536,0.0247042302101137
15,1,0,1,0,-2,0.477777777777778,0,0,0,1e-14,0.001,1e+07,0,1,TRUE,TRUE,14,0.358305504079007,0.0346479463593015
15,1,0,1,0,-2,0.477777777777778,0,0,0,1e-14,0.001,1e+07,0,1,TRUE,TRUE,15,0.346823524526013,0.0419955468890793
15,1,0,1,0,-2,0.477777777777778,0,0,0,1e-14,0.001,1e+07,0,1,TRUE,TRUE,15,0.329240630559128,0.0576861896881236
15,1,0,1,0,-2,0.477777777777778,0,0,0,1e-14,0.001,1e+07,0,1,TRUE,TRUE,15,0.326549310523766,0.013022599724558
15,1,0,1,0,-2,0.477777777777778,0,0,0,1e-14,0.001,1e+07,0,1,TRUE,TRUE,14,0.361482825877345,0.048134436320724
15,1,0,1,0,-2,0.477777777777778,0,0,0,1e-14,0.001,1e+07,0,1,TRUE,TRUE,14,0.365199843284242,0.0309527190754338
15,1,0,1,0,-2,0.477777777777778,0,0,0,1e-14,0.001,1e+07,0,1,TRUE,TRUE,15,0.336626950504012,0.0339191246632312
15,1,0,1,0,-2,0.477777777777778,0,0,0,1e-14,0.001,1e+07,0,1,TRUE,TRUE,13,0.386618215303716,0.0272157668276729
15,1,0,1,0,-2,0.477777777777778,0,0,0,1e-14,0.001,1e+07,0,1,TRUE,TRUE,14,0.348796945468349,0.0351669231902362
15,1,0,1,0,-2,0.477777777777778,0,0,0,1e-14,0.001,1e+07,0,1,TRUE,TRUE,13,0.379882331347572,0.0262836314130687
15,1,0,1,0,-2,0.477777777777778,0,0,0,1e-14,0.001,1e+07,0,1,TRUE,TRUE,14,0.360609759191438,0.00780163642443132
15,1,0,1,0,-2,0.477777777777778,0,0,0,1e-14,0.001,1e+07,0,1,TRUE,TRUE,15,0.337716193624528,0.0385347891264228
15,1,0,1,0,-2,0.477777777777778,0,0,0,1e-14,0.001,1e+07,0,1,TRUE,TRUE,15,0.334412616110488,0.0425282296116116
15,1,0,1,0,-2,0.477777777777778,0,0,0,1e-14,0.001,1e+07,0,1,TRUE,TRUE,13,0.386845291714911,0.0338318364889462
15,1,0,1,0,-2,0.477777777777778,0,0,0,1e-14,0.001,1e+07,0,1,TRUE,TRUE,12,0.420988478675843,0.0409890709830099
15,1,0,1,0,-2,0.477777777777778,0,0,0,1e-14,0.001,1e+07,0,1,TRUE,TRUE,11,0.474617456814084,0.0706531877231261
15,1,0,1,0,-2,0.477777777777778,0,0,0,1e-14,0.001,1e+07,0,1,TRUE,TRUE,14,0.340421194884166,0.0253845230725836
15,1,0,1,0,-2,0.477777777777778,0,0,0,1e-14,0.001,1e+07,0,1,TRUE,TRUE,14,0.35591618379091,0.0628455126397423
15,1,0,1,0,-2,0.477777777777778,0,0,0,1e-14,0.001,1e+07,0,1,TRUE,TRUE,14,0.36577500326594,0.0361872717201359
15,1,0,1,0,-2,0.477777777777778,0,0,0,1e-14,0.001,1e+07,0,1,TRUE,TRUE,13,0.370270338892144,0.0458806441463829
15,1,0,1,0,-2,0.477777777777778,0,0,0,1e-14,0.001,1e+07,0,1,TRUE,TRUE,13,0.37497973060883,0.0345791773526746
15,1,0,1,0,-2,0.477777777777778,0,0,0,1e-14,0.001,1e+07,0,1,TRUE,TRUE,13,0.331973464423012,0.042944086502939
15,1,0,1,0,-2,0.477777777777778,0,0,0,1e-14,0.001,1e+07,0,1,TRUE,TRUE,12,0.413037597865752,0.00939677118279042
15,1,0,1,0,-2,0.477777777777778,0,0,0,1e-14,0.001,1e+07,0,1,TRUE,TRUE,14,0.354412676094501,0.0202286186363095
15,1,0,1,0,-2,0.477777777777778,0,0,0,1e-14,0.001,1e+07,0,1,TRUE,TRUE,15,0.324662903267108,0.0270858939384209
15,1,0,1,0,-2,0.477777777777778,0,0,0,1e-14,0.001,1e+07,0,1,TRUE,TRUE,13,0.405711123234889,0.0387456478257353
15,1,0,1,0,-2,0.477777777777778,0,0,0,1e-14,0.001,1e+07,0,1,TRUE,TRUE,14,0.358873283692758,0.0255800262859799
15,1,0,1,0,-2,0.477777777777778,0,0,0,1e-14,0.001,1e+07,0,1,TRUE,TRUE,14,0.368566847433239,0.0336311080604756
15,1,0,1,0,-2,0.477777777777778,0,0,0,1e-14,0.001,1e+07,0,1,TRUE,TRUE,14,0.350711125244894,0.0329071890789323
15,1,0,1,0,-2,0.477777777777778,0,0,0,1e-14,0.001,1e+07,0,1,TRUE,TRUE,15,0.305904205144838,0.0190643052178819
15,1,0,1,0,-2,0.477777777777778,0,0,0,1e-14,0.001,1e+07,0,1,TRUE,TRUE,14,0.371585150627841,0.0256064447604429
15,1,0,1,0,-2,0.477777777777778,0,0,0,1e-14,0.001,1e+07,0,1,TRUE,TRUE,14,0.380819349250448,0.0620839171111746
15,1,0,1,0,-2,0.477777777777778,0,0,0,1e-14,0.001,1e+07,0,1,TRUE,TRUE,14,0.334137002655092,0.0456948051985462
15,1,0,1,0,-2,0.477777777777778,0,0,0,1e-14,0.001,1e+07,0,1,TRUE,TRUE,15,0.316949212105047,0.0316231185819402
15,1,0,1,0,-2,0.477777777777778,0,0,0,1e-14,0.001,1e+07,0,1,TRUE,TRUE,14,0.389336693238134,0.0469417875234197
15,1,0,1,0,-2,0.477777777777778,0,0,0,1e-14,0.001,1e+07,0,1,TRUE,TRUE,12,0.384494125414581,0.037495811588937
15,1,0,1,0,-2,0.477777777777778,0,0,0,1e-14,0.001,1e+07,0,1,TRUE,TRUE,12,0.425696365705725,0.0405893076851696
15,1,0,1,0,-2,0.533333333333333,0,0,0,1e-14,0.001,1e+07,0,1,TRUE,TRUE,13,0.366730372156822,0.0236023854716445
15,1,0,1,0,-2,0.533333333333333,0,0,0,1e-14,0.001,1e+07,0,1,TRUE,TRUE,13,0.372879727116019,0.0423254476897466
15,1,0,1,0,-2,0.533333333333333,0,0,0,1e-14,0.001,1e+07,0,1,TRUE,TRUE,13,0.400843904678094,0.0921605907041878
15,1,0,1,0,-2,0.533333333333333,0,0,0,1e-14,0.001,1e+07,0,1,TRUE,TRUE,13,0.359612968972285,0.0325197027936296
15,1,0,1,0,-2,0.533333333333333,0,0,0,1e-14,0.001,1e+07,0,1,TRUE,TRUE,14,0.324510458269056,0.0219614870592192
15,1,0,1,0,-2,0.533333333333333,0,0,0,1e-14,0.001,1e+07,0,1,TRUE,TRUE,13,0.422497222210841,0.0228354177129258
15,1,0,1,0,-2,0.533333333333333,0,0,0,1e-14,0.001,1e+07,0,1,TRUE,TRUE,13,0.413508516935145,0.0521004840368813
15,1,0,1,0,-2,0.533333333333333,0,0,0,1e-14,0.001,1e+07,0,1,TRUE,TRUE,15,0.385463370418804,0.061067531806277
15,1,0,1,0,-2,0.533333333333333,0,0,0,1e-14,0.001,1e+07,0,1,TRUE,TRUE,15,0.321272238477464,0.0487143203545947
15,1,0,1,0,-2,0.533333333333333,0,0,0,1e-14,0.001,1e+07,0,1,TRUE,TRUE,13,0.386889801899133,0.045021540951236
15,1,0,1,0,-2,0.533333333333333,0,0,0,1e-14,0.001,1e+07,0,1,TRUE,TRUE,13,0.386700880386283,0.0235085447303712
15,1,0,1,0,-2,0.533333333333333,0,0,0,1e-14,0.001,1e+07,0,1,TRUE,TRUE,13,0.369877960948959,0.0407437934967257
15,1,0,1,0,-2,0.533333333333333,0,0,0,1e-14,0.001,1e+07,0,1,TRUE,TRUE,14,0.390959323835097,0.0485937698495423
15,1,0,1,0,-2,0.533333333333333,0,0,0,1e-14,0.001,1e+07,0,1,TRUE,TRUE,15,0.334026287611377,0.0384166718217723
15,1,0,1,0,-2,0.533333333333333,0,0,0,1e-14,0.001,1e+07,0,1,TRUE,TRUE,13,0.380036481265961,0.0256846543289319
15,1,0,1,0,-2,0.533333333333333,0,0,0,1e-14,0.001,1e+07,0,1,TRUE,TRUE,15,0.319447343977188,0.0466789613335816
15,1,0,1,0,-2,0.533333333333333,0,0,0,1e-14,0.001,1e+07,0,1,TRUE,TRUE,13,0.393239202324723,0.0233309075770262
15,1,0,1,0,-2,0.533333333333333,0,0,0,1e-14,0.001,1e+07,0,1,TRUE,TRUE,13,0.384844414001761,0.0192330296766326
15,1,0,1,0,-2,0.533333333333333,0,0,0,1e-14,0.001,1e+07,0,1,TRUE,TRUE,11,0.429029463024069,0.0305805230381396
15,1,0,1,0,-2,0.533333333333333,0,0,0,1e-14,0.001,1e+07,0,1,TRUE,TRUE,12,0.424786952344748,0.0290381105444561
15,1,0,1,0,-2,0.533333333333333,0,0,0,1e-14,0.001,1e+07,0,1,TRUE,TRUE,13,0.406773619881628,0.0679496948580253
15,1,0,1,0,-2,0.533333333333333,0,0,0,1e-14,0.001,1e+07,0,1,TRUE,TRUE,15,0.329328920766981,0.0254125012683942
15,1,0,1,0,-2,0.533333333333333,0,0,0,1e-14,0.001,1e+07,0,1,TRUE,TRUE,14,0.329323875703935,0.0134179755865669
15,1,0,1,0,-2,0.533333333333333,0,0,0,1e-14,0.001,1e+07,0,1,TRUE,TRUE,12,0.429720346129983,0.0791261228203153
15,1,0,1,0,-2,0.533333333333333,0,0,0,1e-14,0.001,1e+07,0,1,TRUE,TRUE,13,0.348337532404709,0.0542752487760527
15,1,0,1,0,-2,0.533333333333333,0,0,0,1e-14,0.001,1e+07,0,1,TRUE,TRUE,15,0.328707929523256,0.0470477621428269
15,1,0,1,0,-2,0.533333333333333,0,0,0,1e-14,0.001,1e+07,0,1,TRUE,TRUE,14,0.342788178489833,0.0302497820926543
15,1,0,1,0,-2,0.533333333333333,0,0,0,1e-14,0.001,1e+07,0,1,TRUE,TRUE,14,0.398606477679235,0.0373695356626657
15,1,0,1,0,-2,0.533333333333333,0,0,0,1e-14,0.001,1e+07,0,1,TRUE,TRUE,15,0.310163840693924,0.0363856177355777
15,1,0,1,0,-2,0.533333333333333,0,0,0,1e-14,0.001,1e+07,0,1,TRUE,TRUE,13,0.391794269773656,0.0204489021859134
15,1,0,1,0,-2,0.533333333333333,0,0,0,1e-14,0.001,1e+07,0,1,TRUE,TRUE,14,0.334711973059804,0.058431744436465
15,1,0,1,0,-2,0.533333333333333,0,0,0,1e-14,0.001,1e+07,0,1,TRUE,TRUE,14,0.32380420268822,0.0419665043867815
15,1,0,1,0,-2,0.533333333333333,0,0,0,1e-14,0.001,1e+07,0,1,TRUE,TRUE,15,0.336312487156601,0.0548743380169608
15,1,0,1,0,-2,0.533333333333333,0,0,0,1e-14,0.001,1e+07,0,1,TRUE,TRUE,14,0.418103881378309,0.0553016549111128
15,1,0,1,0,-2,0.533333333333333,0,0,0,1e-14,0.001,1e+07,0,1,TRUE,TRUE,11,0.44294086714672,0.130112802564828
15,1,0,1,0,-2,0.533333333333333,0,0,0,1e-14,0.001,1e+07,0,1,TRUE,TRUE,10,0.420225325471875,0.0308084798360901
15,1,0,1,0,-2,0.533333333333333,0,0,0,1e-14,0.001,1e+07,0,1,TRUE,TRUE,13,0.375461951606101,0.0477894947056234
15,1,0,1,0,-2,0.533333333333333,0,0,0,1e-14,0.001,1e+07,0,1,TRUE,TRUE,15,0.322743982768618,0.0334856744440383
15,1,0,1,0,-2,0.533333333333333,0,0,0,1e-14,0.001,1e+07,0,1,TRUE,TRUE,12,0.395138041834746,0.027666241231249
15,1,0,1,0,-2,0.533333333333333,0,0,0,1e-14,0.001,1e+07,0,1,TRUE,TRUE,13,0.453939487793688,0.103886512760859
15,1,0,1,0,-2,0.533333333333333,0,0,0,1e-14,0.001,1e+07,0,1,TRUE,TRUE,14,0.382058661003837,0.0182914817902672
15,1,0,1,0,-2,0.533333333333333,0,0,0,1e-14,0.001,1e+07,0,1,TRUE,TRUE,13,0.395182937480709,0.0478580574022754
15,1,0,1,0,-2,0.533333333333333,0,0,0,1e-14,0.001,1e+07,0,1,TRUE,TRUE,14,0.341963560763102,0.0314503601236613
15,1,0,1,0,-2,0.533333333333333,0,0,0,1e-14,0.001,1e+07,0,1,TRUE,TRUE,13,0.419609347585555,0.0440665976601779
15,1,0,1,0,-2,0.533333333333333,0,0,0,1e-14,0.001,1e+07,0,1,TRUE,TRUE,13,0.395851638925632,0.0508682856120281
15,1,0,1,0,-2,0.533333333333333,0,0,0,1e-14,0.001,1e+07,0,1,TRUE,TRUE,14,0.408534333809929,0.0376835597183591
15,1,0,1,0,-2,0.533333333333333,0,0,0,1e-14,0.001,1e+07,0,1,TRUE,TRUE,14,0.370048853224545,0.0443388084465183
15,1,0,1,0,-2,0.533333333333333,0,0,0,1e-14,0.001,1e+07,0,1,TRUE,TRUE,15,0.308720982865641,0.00983434567524331
15,1,0,1,0,-2,0.533333333333333,0,0,0,1e-14,0.001,1e+07,0,1,TRUE,TRUE,14,0.351364220035246,0.052421600653784
15,1,0,1,0,-2,0.533333333333333,0,0,0,1e-14,0.001,1e+07,0,1,TRUE,TRUE,14,0.356542650429519,0.031295089042592
15,1,0,1,0,-2,0.588888888888889,0,0,0,1e-14,0.001,1e+07,0,1,TRUE,TRUE,14,0.359554434230781,0.0241462795085529
15,1,0,1,0,-2,0.588888888888889,0,0,0,1e-14,0.001,1e+07,0,1,TRUE,TRUE,12,0.38552651042439,0.0351973478191321
15,1,0,1,0,-2,0.588888888888889,0,0,0,1e-14,0.001,1e+07,0,1,TRUE,TRUE,11,0.467481991562367,0.0728979228481831
15,1,0,1,0,-2,0.588888888888889,0,0,0,1e-14,0.001,1e+07,0,1,TRUE,TRUE,15,0.349035267588248,0.0454323621841649
15,1,0,1,0,-2,0.588888888888889,0,0,0,1e-14,0.001,1e+07,0,1,TRUE,TRUE,15,0.335314282492381,0.0325210591966146
15,1,0,1,0,-2,0.588888888888889,0,0,0,1e-14,0.001,1e+07,0,1,TRUE,TRUE,13,0.391117311998197,0.0363403989465438
15,1,0,1,0,-2,0.588888888888889,0,0,0,1e-14,0.001,1e+07,0,1,TRUE,TRUE,14,0.401216432233423,0.0992176042604763
15,1,0,1,0,-2,0.588888888888889,0,0,0,1e-14,0.001,1e+07,0,1,TRUE,TRUE,14,0.384265968442453,0.0285308878341794
15,1,0,1,0,-2,0.588888888888889,0,0,0,1e-14,0.001,1e+07,0,1,TRUE,TRUE,14,0.325736870995276,0.0339675438864683
15,1,0,1,0,-2,0.588888888888889,0,0,0,1e-14,0.001,1e+07,0,1,TRUE,TRUE,15,0.315491385851379,0.0373269433251154
15,1,0,1,0,-2,0.588888888888889,0,0,0,1e-14,0.001,1e+07,0,1,TRUE,TRUE,12,0.414380256116852,0.0308932190668284
15,1,0,1,0,-2,0.588888888888889,0,0,0,1e-14,0.001,1e+07,0,1,TRUE,TRUE,15,0.328104938263148,0.0358263731460568
15,1,0,1,0,-2,0.588888888888889,0,0,0,1e-14,0.001,1e+07,0,1,TRUE,TRUE,14,0.366381123742256,0.0607528125876841
15,1,0,1,0,-2,0.588888888888889,0,0,0,1e-14,0.001,1e+07,0,1,TRUE,TRUE,13,0.402740844017384,0.0445034035449381
15,1,0,1,0,-2,0.588888888888889,0,0,0,1e-14,0.001,1e+07,0,1,TRUE,TRUE,12,0.427012939657087,0.0412835392966781
15,1,0,1,0,-2,0.588888888888889,0,0,0,1e-14,0.001,1e+07,0,1,TRUE,TRUE,13,0.432344994923587,0.0711167741194026
15,1,0,1,0,-2,0.588888888888889,0,0,0,1e-14,0.001,1e+07,0,1,TRUE,TRUE,11,0.44264293466065,0.0145245446533321
15,1,0,1,0,-2,0.588888888888889,0,0,0,1e-14,0.001,1e+07,0,1,TRUE,TRUE,13,0.368560265319807,0.064048249074685
15,1,0,1,0,-2,0.588888888888889,0,0,0,1e-14,0.001,1e+07,0,1,TRUE,TRUE,14,0.341879846296232,0.0330511068555873
15,1,0,1,0,-2,0.588888888888889,0,0,0,1e-14,0.001,1e+07,0,1,TRUE,TRUE,12,0.430511795351275,0.0599779932494641
15,1,0,1,0,-2,0.588888888888889,0,0,0,1e-14,0.001,1e+07,0,1,TRUE,TRUE,11,0.47357908140494,0.044365101699122
15,1,0,1,0,-2,0.588888888888889,0,0,0,1e-14,0.001,1e+07,0,1,TRUE,TRUE,10,0.509574987762538,0.0898001415154777
15,1,0,1,0,-2,0.588888888888889,0,0,0,1e-14,0.001,1e+07,0,1,TRUE,TRUE,14,0.336286778296982,0.0223255372825278
15,1,0,1,0,-2,0.588888888888889,0,0,0,1e-14,0.001,1e+07,0,1,TRUE,TRUE,13,0.369332398941311,0.0531361768999924
15,1,0,1,0,-2,0.588888888888889,0,0,0,1e-14,0.001,1e+07,0,1,TRUE,TRUE,14,0.371342873529912,0.0796073709525644
15,1,0,1,0,-2,0.588888888888889,0,0,0,1e-14,0.001,1e+07,0,1,TRUE,TRUE,13,0.414392765828181,0.051725321319848
15,1,0,1,0,-2,0.588888888888889,0,0,0,1e-14,0.001,1e+07,0,1,TRUE,TRUE,14,0.362265876199994,0.0549269924747751
15,1,0,1,0,-2,0.588888888888889,0,0,0,1e-14,0.001,1e+07,0,1,TRUE,TRUE,13,0.398401396876032,0.00925629798616657
15,1,0,1,0,-2,0.588888888888889,0,0,0,1e-14,0.001,1e+07,0,1,TRUE,TRUE,15,0.318274316101177,0.0179022665128354
15,1,0,1,0,-2,0.588888888888889,0,0,0,1e-14,0.001,1e+07,0,1,TRUE,TRUE,13,0.380005637798803,0.0698189815932842
15,1,0,1,0,-2,0.588888888888889,0,0,0,1e-14,0.001,1e+07,0,1,TRUE,TRUE,14,0.363214542951667,0.0393539515394455
15,1,0,1,0,-2,0.588888888888889,0,0,0,1e-14,0.001,1e+07,0,1,TRUE,TRUE,13,0.368293576089847,0.0168033801535864
15,1,0,1,0,-2,0.588888888888889,0,0,0,1e-14,0.001,1e+07,0,1,TRUE,TRUE,13,0.393251914306495,0.0209840924603077
15,1,0,1,0,-2,0.588888888888889,0,0,0,1e-14,0.001,1e+07,0,1,TRUE,TRUE,13,0.408501761779628,0.0818781756382188
15,1,0,1,0,-2,0.588888888888889,0,0,0,1e-14,0.001,1e+07,0,1,TRUE,TRUE,12,0.405779429957038,0.0488868807918114
15,1,0,1,0,-2,0.588888888888889,0,0,0,1e-14,0.001,1e+07,0,1,TRUE,TRUE,15,0.335600904682473,0.0369841523869904
15,1,0,1,0,-2,0.588888888888889,0,0,0,1e-14,0.001,1e+07,0,1,TRUE,TRUE,12,0.393728116021083,0.0766631858582329
15,1,0,1,0,-2,0.588888888888889,0,0,0,1e-14,0.001,1e+07,0,1,TRUE,TRUE,14,0.363654673314239,0.0382496001480223
15,1,0,1,0,-2,0.588888888888889,0,0,0,1e-14,0.001,1e+07,0,1,TRUE,TRUE,13,0.453071457892847,0.0526516370686801
15,1,0,1,0,-2,0.588888888888889,0,0,0,1e-14,0.001,1e+07,0,1,TRUE,TRUE,14,0.361895338015656,0.040209135831514
15,1,0,1,0,-2,0.588888888888889,0,0,0,1e-14,0.001,1e+07,0,1,TRUE,TRUE,9,0.668327249285979,0.212371450901087
15,1,0,1,0,-2,0.588888888888889,0,0,0,1e-14,0.001,1e+07,0,1,TRUE,TRUE,13,0.432159219737544,0.098158019749184
15,1,0,1,0,-2,0.588888888888889,0,0,0,1e-14,0.001,1e+07,0,1,TRUE,TRUE,14,0.367402110958752,0.0332469697930894
15,1,0,1,0,-2,0.588888888888889,0,0,0,1e-14,0.001,1e+07,0,1,TRUE,TRUE,12,0.40334297751181,0.0335993941639576
15,1,0,1,0,-2,0.588888888888889,0,0,0,1e-14,0.001,1e+07,0,1,TRUE,TRUE,15,0.303116289755532,0.02235758216587
15,1,0,1,0,-2,0.588888888888889,0,0,0,1e-14,0.001,1e+07,0,1,TRUE,TRUE,12,0.478431468792692,0.0599972019445271
15,1,0,1,0,-2,0.588888888888889,0,0,0,1e-14,0.001,1e+07,0,1,TRUE,TRUE,12,0.381497054353304,0.0257053067122624
15,1,0,1,0,-2,0.588888888888889,0,0,0,1e-14,0.001,1e+07,0,1,TRUE,TRUE,13,0.417164829596875,0.0656575737518945
15,1,0,1,0,-2,0.588888888888889,0,0,0,1e-14,0.001,1e+07,0,1,TRUE,TRUE,13,0.410757185508617,0.0630960862800275
15,1,0,1,0,-2,0.588888888888889,0,0,0,1e-14,0.001,1e+07,0,1,TRUE,TRUE,15,0.299480748737475,0.0234371274394297
15,1,0,1,0,-2,0.644444444444444,0,0,0,1e-14,0.001,1e+07,0,1,TRUE,TRUE,12,0.401916336584418,0.104039274674433
15,1,0,1,0,-2,0.644444444444444,0,0,0,1e-14,0.001,1e+07,0,1,TRUE,TRUE,13,0.381754669928426,0.0802773775596957
15,1,0,1,0,-2,0.644444444444444,0,0,0,1e-14,0.001,1e+07,0,1,TRUE,TRUE,12,0.465214229115213,0.0504635022994335
15,1,0,1,0,-2,0.644444444444444,0,0,0,1e-14,0.001,1e+07,0,1,TRUE,TRUE,13,0.463093307493734,0.0887020058489816
15,1,0,1,0,-2,0.644444444444444,0,0,0,1e-14,0.001,1e+07,0,1,TRUE,TRUE,11,0.459033365041028,0.0845840239185099
15,1,0,1,0,-2,0.644444444444444,0,0,0,1e-14,0.001,1e+07,0,1,TRUE,TRUE,13,0.389717883901799,0.0518617213663937
15,1,0,1,0,-2,0.644444444444444,0,0,0,1e-14,0.001,1e+07,0,1,TRUE,TRUE,13,0.433437245326745,0.05959455963947
15,1,0,1,0,-2,0.644444444444444,0,0,0,1e-14,0.001,1e+07,0,1,TRUE,TRUE,13,0.415396103805222,0.0480893124513135
15,1,0,1,0,-2,0.644444444444444,0,0,0,1e-14,0.001,1e+07,0,1,TRUE,TRUE,12,0.384815413576421,0.0765174520963416
15,1,0,1,0,-2,0.644444444444444,0,0,0,1e-14,0.001,1e+07,0,1,TRUE,TRUE,10,0.624697218668213,0.102991313603993
15,1,0,1,0,-2,0.644444444444444,0,0,0,1e-14,0.001,1e+07,0,1,TRUE,TRUE,12,0.40761447326822,0.0838263725907566
15,1,0,1,0,-2,0.644444444444444,0,0,0,1e-14,0.001,1e+07,0,1,TRUE,TRUE,13,0.42083398767182,0.105569014549837
15,1,0,1,0,-2,0.644444444444444,0,0,0,1e-14,0.001,1e+07,0,1,TRUE,TRUE,13,0.408105426781302,0.0409280980711425
15,1,0,1,0,-2,0.644444444444444,0,0,0,1e-14,0.001,1e+07,0,1,TRUE,TRUE,14,0.319850659988208,0.0195351196886395
15,1,0,1,0,-2,0.644444444444444,0,0,0,1e-14,0.001,1e+07,0,1,TRUE,TRUE,13,0.398853328908173,0.0343722445141011
15,1,0,1,0,-2,0.644444444444444,0,0,0,1e-14,0.001,1e+07,0,1,TRUE,TRUE,13,0.433496430453419,0.0260004484423858
15,1,0,1,0,-2,0.644444444444444,0,0,0,1e-14,0.001,1e+07,0,1,TRUE,TRUE,10,0.548309632780832,0.0877121569403306
15,1,0,1,0,-2,0.644444444444444,0,0,0,1e-14,0.001,1e+07,0,1,TRUE,TRUE,12,0.4324941169674,0.075692564329396
15,1,0,1,0,-2,0.644444444444444,0,0,0,1e-14,0.001,1e+07,0,1,TRUE,TRUE,12,0.428700178879498,0.0443400451422463
15,1,0,1,0,-2,0.644444444444444,0,0,0,1e-14,0.001,1e+07,0,1,TRUE,TRUE,12,0.414221494279999,0.023070954920532
15,1,0,1,0,-2,0.644444444444444,0,0,0,1e-14,0.001,1e+07,0,1,TRUE,TRUE,11,0.450129289418975,0.0191683833643454
15,1,0,1,0,-2,0.644444444444444,0,0,0,1e-14,0.001,1e+07,0,1,TRUE,TRUE,12,0.460943476877747,0.0672050704542407
15,1,0,1,0,-2,0.644444444444444,0,0,0,1e-14,0.001,1e+07,0,1,TRUE,TRUE,11,0.43161513484023,0.0295773722481911
15,1,0,1,0,-2,0.644444444444444,0,0,0,1e-14,0.001,1e+07,0,1,TRUE,TRUE,13,0.346711475772343,0.0439251000809969
15,1,0,1,0,-2,0.644444444444444,0,0,0,1e-14,0.001,1e+07,0,1,TRUE,TRUE,13,0.411407956418061,0.0552627810052225
15,1,0,1,0,-2,0.644444444444444,0,0,0,1e-14,0.001,1e+07,0,1,TRUE,TRUE,9,0.65633306660768,0.171893190106204
15,1,0,1,0,-2,0.644444444444444,0,0,0,1e-14,0.001,1e+07,0,1,TRUE,TRUE,13,0.439414495993593,0.0823064804492768
15,1,0,1,0,-2,0.644444444444444,0,0,0,1e-14,0.001,1e+07,0,1,TRUE,TRUE,13,0.363997081028477,0.027039692810891
15,1,0,1,0,-2,0.644444444444444,0,0,0,1e-14,0.001,1e+07,0,1,TRUE,TRUE,12,0.415259029812428,0.0524303624174945
15,1,0,1,0,-2,0.644444444444444,0,0,0,1e-14,0.001,1e+07,0,1,TRUE,TRUE,12,0.469920053102189,0.079629027318082
15,1,0,1,0,-2,0.644444444444444,0,0,0,1e-14,0.001,1e+07,0,1,TRUE,TRUE,14,0.318858337878513,0.0590986474138405
15,1,0,1,0,-2,0.644444444444444,0,0,0,1e-14,0.001,1e+07,0,1,TRUE,TRUE,13,0.410263297901808,0.0161162676634414
15,1,0,1,0,-2,0.644444444444444,0,0,0,1e-14,0.001,1e+07,0,1,TRUE,TRUE,15,0.313005864400025,0.0236130807162224
15,1,0,1,0,-2,0.644444444444444,0,0,0,1e-14,0.001,1e+07,0,1,TRUE,TRUE,13,0.390428882911782,0.0479217028309859
15,1,0,1,0,-2,0.644444444444444,0,0,0,1e-14,0.001,1e+07,0,1,TRUE,TRUE,14,0.339867403121558,0.0279885036573493
15,1,0,1,0,-2,0.644444444444444,0,0,0,1e-14,0.001,1e+07,0,1,TRUE,TRUE,14,0.352476506266621,0.0375734038036606
15,1,0,1,0,-2,0.644444444444444,0,0,0,1e-14,0.001,1e+07,0,1,TRUE,TRUE,13,0.374012743621825,0.0410626270620532
15,1,0,1,0,-2,0.644444444444444,0,0,0,1e-14,0.001,1e+07,0,1,TRUE,TRUE,12,0.422956392673626,0.0481730260874494
15,1,0,1,0,-2,0.644444444444444,0,0,0,1e-14,0.001,1e+07,0,1,TRUE,TRUE,14,0.334491138603371,0.0197878541669883
15,1,0,1,0,-2,0.644444444444444,0,0,0,1e-14,0.001,1e+07,0,1,TRUE,TRUE,14,0.354638646630519,0.0706642919078617
15,1,0,1,0,-2,0.644444444444444,0,0,0,1e-14,0.001,1e+07,0,1,TRUE,TRUE,12,0.476735631908078,0.0565948070041848
15,1,0,1,0,-2,0.644444444444444,0,0,0,1e-14,0.001,1e+07,0,1,TRUE,TRUE,14,0.373953665510763,0.0795062312780147
15,1,0,1,0,-2,0.644444444444444,0,0,0,1e-14,0.001,1e+07,0,1,TRUE,TRUE,13,0.44318814326648,0.0520029622390276
15,1,0,1,0,-2,0.644444444444444,0,0,0,1e-14,0.001,1e+07,0,1,TRUE,TRUE,11,0.480759767669881,0.0846385797407404
15,1,0,1,0,-2,0.644444444444444,0,0,0,1e-14,0.001,1e+07,0,1,TRUE,TRUE,13,0.326338386456344,0.0185847462925879
15,1,0,1,0,-2,0.644444444444444,0,0,0,1e-14,0.001,1e+07,0,1,TRUE,TRUE,14,0.367420048124879,0.0336145832614703
15,1,0,1,0,-2,0.644444444444444,0,0,0,1e-14,0.001,1e+07,0,1,TRUE,TRUE,12,0.462693749558836,0.0802768219047434
15,1,0,1,0,-2,0.644444444444444,0,0,0,1e-14,0.001,1e+07,0,1,TRUE,TRUE,10,0.655841795324684,0.145968252714559
15,1,0,1,0,-2,0.644444444444444,0,0,0,1e-14,0.001,1e+07,0,1,TRUE,TRUE,13,0.479780940155905,0.115319486050599
15,1,0,1,0,-2,0.644444444444444,0,0,0,1e-14,0.001,1e+07,0,1,TRUE,TRUE,14,0.397173263143006,0.0698850611746186
15,1,0,1,0,-2,0.7,0,0,0,1e-14,0.001,1e+07,0,1,TRUE,TRUE,14,0.357778597005023,0.0688985259910065
15,1,0,1,0,-2,0.7,0,0,0,1e-14,0.001,1e+07,0,1,TRUE,TRUE,11,0.475881706427969,0.0869992975424446
15,1,0,1,0,-2,0.7,0,0,0,1e-14,0.001,1e+07,0,1,TRUE,TRUE,13,0.395849767512026,0.0370960608334197
15,1,0,1,0,-2,0.7,0,0,0,1e-14,0.001,1e+07,0,1,TRUE,TRUE,12,0.443521773973927,0.0638972250225231
15,1,0,1,0,-2,0.7,0,0,0,1e-14,0.001,1e+07,0,1,TRUE,TRUE,12,0.443884492820285,0.084905100243171
15,1,0,1,0,-2,0.7,0,0,0,1e-14,0.001,1e+07,0,1,TRUE,TRUE,14,0.339957811531943,0.025635471598998
15,1,0,1,0,-2,0.7,0,0,0,1e-14,0.001,1e+07,0,1,TRUE,TRUE,10,0.477928640972075,0.0949176873433366
15,1,0,1,0,-2,0.7,0,0,0,1e-14,0.001,1e+07,0,1,TRUE,TRUE,15,0.321159455736899,0.0367312704505313
15,1,0,1,0,-2,0.7,0,0,0,1e-14,0.001,1e+07,0,1,TRUE,TRUE,11,0.495139782770696,0.0461807166933456
15,1,0,1,0,-2,0.7,0,0,0,1e-14,0.001,1e+07,0,1,TRUE,TRUE,14,0.308311140815458,0.048396244239995
15,1,0,1,0,-2,0.7,0,0,0,1e-14,0.001,1e+07,0,1,TRUE,TRUE,12,0.428031195754597,0.0549987471689908
15,1,0,1,0,-2,0.7,0,0,0,1e-14,0.001,1e+07,0,1,TRUE,TRUE,14,0.334297449108661,0.0266858338234622
15,1,0,1,0,-2,0.7,0,0,0,1e-14,0.001,1e+07,0,1,TRUE,TRUE,14,0.316508570679267,0.0329267572301022
15,1,0,1,0,-2,0.7,0,0,0,1e-14,0.001,1e+07,0,1,TRUE,TRUE,12,0.40941700085595,0.0912010437747815
15,1,0,1,0,-2,0.7,0,0,0,1e-14,0.001,1e+07,0,1,TRUE,TRUE,11,0.454137873455675,0.0860864765055825
15,1,0,1,0,-2,0.7,0,0,0,1e-14,0.001,1e+07,0,1,TRUE,TRUE,11,0.469969331771633,0.0843276973374938
15,1,0,1,0,-2,0.7,0,0,0,1e-14,0.001,1e+07,0,1,TRUE,TRUE,12,0.435875674103618,0.083004460148926
15,1,0,1,0,-2,0.7,0,0,0,1e-14,0.001,1e+07,0,1,TRUE,TRUE,12,0.415181216379231,0.053342566668821
15,1,0,1,0,-2,0.7,0,0,0,1e-14,0.001,1e+07,0,1,TRUE,TRUE,12,0.523143001580126,0.244363238709313
15,1,0,1,0,-2,0.7,0,0,0,1e-14,0.001,1e+07,0,1,TRUE,TRUE,12,0.439359603957967,0.0366053349716206
15,1,0,1,0,-2,0.7,0,0,0,1e-14,0.001,1e+07,0,1,TRUE,TRUE,13,0.380600078766445,0.0872006576690994
15,1,0,1,0,-2,0.7,0,0,0,1e-14,0.001,1e+07,0,1,TRUE,TRUE,11,0.473589267420462,0.0724558600004961
15,1,0,1,0,-2,0.7,0,0,0,1e-14,0.001,1e+07,0,1,TRUE,TRUE,14,0.39004258833679,0.0184307724643563
15,1,0,1,0,-2,0.7,0,0,0,1e-14,0.001,1e+07,0,1,TRUE,TRUE,14,0.372595234229205,0.0442787561639037
15,1,0,1,0,-2,0.7,0,0,0,1e-14,0.001,1e+07,0,1,TRUE,TRUE,12,0.412888096616176,0.080504292902974
15,1,0,1,0,-2,0.7,0,0,0,1e-14,0.001,1e+07,0,1,TRUE,TRUE,12,0.405313020531186,0.0384792357286048
15,1,0,1,0,-2,0.7,0,0,0,1e-14,0.001,1e+07,0,1,TRUE,TRUE,14,0.388559742116709,0.0346187840405782
15,1,0,1,0,-2,0.7,0,0,0,1e-14,0.001,1e+07,0,1,TRUE,TRUE,12,0.464586229646522,0.0434390583123532
15,1,0,1,0,-2,0.7,0,0,0,1e-14,0.001,1e+07,0,1,TRUE,TRUE,10,0.496402460332654,0.0450214879401109
15,1,0,1,0,-2,0.7,0,0,0,1e-14,0.001,1e+07,0,1,TRUE,TRUE,14,0.34782697957506,0.0717288861763622
15,1,0,1,0,-2,0.7,0,0,0,1e-14,0.001,1e+07,0,1,TRUE,TRUE,11,0.462931653277733,0.0538709756455826
15,1,0,1,0,-2,0.7,0,0,0,1e-14,0.001,1e+07,0,1,TRUE,TRUE,9,0.626968104801049,0.0817030120141628
15,1,0,1,0,-2,0.7,0,0,0,1e-14,0.001,1e+07,0,1,TRUE,TRUE,14,0.342978709136767,0.0548289225864722
15,1,0,1,0,-2,0.7,0,0,0,1e-14,0.001,1e+07,0,1,TRUE,TRUE,14,0.372582503178104,0.0532131617352985
15,1,0,1,0,-2,0.7,0,0,0,1e-14,0.001,1e+07,0,1,TRUE,TRUE,12,0.485279778191807,0.053610305001562
15,1,0,1,0,-2,0.7,0,0,0,1e-14,0.001,1e+07,0,1,TRUE,TRUE,11,0.481584036563449,0.0807706019981103
15,1,0,1,0,-2,0.7,0,0,0,1e-14,0.001,1e+07,0,1,TRUE,TRUE,14,0.335838192443615,0.0161911321629279
15,1,0,1,0,-2,0.7,0,0,0,1e-14,0.001,1e+07,0,1,TRUE,TRUE,14,0.335500854488583,0.0490065544679688
15,1,0,1,0,-2,0.7,0,0,0,1e-14,0.001,1e+07,0,1,TRUE,TRUE,12,0.418645397112335,0.0788175442787839
15,1,0,1,0,-2,0.7,0,0,0,1e-14,0.001,1e+07,0,1,TRUE,TRUE,12,0.418957704710759,0.0507788289355238
15,1,0,1,0,-2,0.7,0,0,0,1e-14,0.001,1e+07,0,1,TRUE,TRUE,13,0.334365805213266,0.026854052901853
15,1,0,1,0,-2,0.7,0,0,0,1e-14,0.001,1e+07,0,1,TRUE,TRUE,13,0.432414067528375,0.0741919248700172
15,1,0,1,0,-2,0.7,0,0,0,1e-14,0.001,1e+07,0,1,TRUE,TRUE,12,0.378401153528525,0.0430988921480725
15,1,0,1,0,-2,0.7,0,0,0,1e-14,0.001,1e+07,0,1,TRUE,TRUE,14,0.393823434498896,0.0482171055276595
15,1,0,1,0,-2,0.7,0,0,0,1e-14,0.001,1e+07,0,1,TRUE,TRUE,12,0.379432436063409,0.0501078345147418
15,1,0,1,0,-2,0.7,0,0,0,1e-14,0.001,1e+07,0,1,TRUE,TRUE,14,0.350799030090547,0.0442617281127103
15,1,0,1,0,-2,0.7,0,0,0,1e-14,0.001,1e+07,0,1,TRUE,TRUE,13,0.415723460712655,0.0819007797813682
15,1,0,1,0,-2,0.7,0,0,0,1e-14,0.001,1e+07,0,1,TRUE,TRUE,13,0.400203639669546,0.0920990108723758
15,1,0,1,0,-2,0.7,0,0,0,1e-14,0.001,1e+07,0,1,TRUE,TRUE,13,0.376748596574136,0.0345771861519094
15,1,0,1,0,-2,0.7,0,0,0,1e-14,0.001,1e+07,0,1,TRUE,TRUE,9,0.569659159586253,0.191952245273493
